4.064207 2.089949 4.251966
4.192240 2.492629 -9.401895
4.318765 2.297181 -2.484768
4.144512 1.928449 0.109199
3.536748 1.624613 42.009149
4.262504 2.102630 0.263915
3.905204 2.313654 -0.082365
4.145881 2.227761 -2.686164
4.010742 2.264621 0.598894
4.328823 2.531681 -4.992198
3.613110 1.884381 30.165069
4.090823 1.997309 2.141197
4.103010 2.188244 0.942724
3.873556 2.045654 2.498436
4.132939 2.332893 1.111513
4.022837 2.160865 1.565957
4.028620 2.256010 0.441492
4.021821 2.295548 1.519693
3.980834 1.951280 2.968278
3.987799 2.004469 4.555854
4.129519 2.065358 3.062189
4.037840 2.200971 1.365513
4.137573 1.961706 1.423168
4.154566 2.011773 1.135167
4.217173 2.645100 -4.774236
3.829608 2.241150 2.208344
4.065660 2.267491 1.003831
4.040421 2.696596 -7.621002
4.031239 2.109350 1.340056
4.170016 1.942318 1.666340
4.390315 2.306823 -3.921075
4.022852 2.247341 0.374442
4.043101 2.153755 1.997061
4.179119 1.928183 1.017137
4.317918 2.138648 3.650150
4.300212 2.443109 -4.820603
3.982911 2.037817 -0.047623
4.086940 2.045660 2.956379
3.878383 2.039696 10.128220
3.953098 2.103248 2.217688
290075551450363915665408.000000 451929294099206467747840.000000 -38520934532742993936384000.000000
3.989646 1.990954 10.101203
4.148556 1.964516 2.132778
4.120574 1.965683 2.575356
4.214606 2.197506 -1.000950
4.342442 2.377095 -6.067527
4.340675 2.191433 -0.908350
4.156990 1.846660 4.129644
4.110219 1.950606 1.225815
4.082332 2.102513 1.781587
4.104386 2.063117 1.588860
4.058774 2.192214 1.030171
4.180066 2.143722 -0.439692
4.277463 2.009786 1.084118
3.812116 2.370207 2.496063
4.320160 2.576271 -5.338660
3.841811 2.219923 10.031465
3.794644 2.206425 2.672332
0 0 0
4.089200 2.201414 1.546736
4.096647 1.945982 1.984262
4.218740 1.953013 1.824424
3.173773 0.854737 70.888985
42465517551679602688.000000 -7744214743936729088.000000 -754462927524594712576.000000
3.993020 2.017177 2.853184
3.677560 1.261010 41.052121
4.237170 2.617461 -6.324696
4.127013 1.886836 4.070191
4.407784 2.529135 -5.314868
0 0 0
3.870589 1.749537 23.236700
3.969726 1.928102 9.238898
3.972855 2.171962 3.150863
3.901782 2.147148 3.121490
4.322400 2.646328 -6.586667
4.194868 1.896302 2.109592
4.093010 1.929058 0.693333
4.158362 2.232811 6.432268
4.050960 2.160066 2.289922
4.220152 2.233962 -3.264987
4.174244 1.860713 1.195779
4.278627 2.418454 -0.083269
4.096782 2.184075 -5.783205
4.063680 1.880541 1.838629
4.192102 1.870241 2.488457
4.170438 1.941982 1.306312
4.147708 2.930011 -7.807333
3.828789 2.171685 10.580101
4.144620 1.908614 3.650700
4.111329 1.673157 4.009771
4.216143 1.940329 2.031709
4.243690 2.190878 1.128199
4.292313 1.758683 3.453033
3.978896 1.989379 1.824570
4.147289 2.227494 3.159237
4.077070 2.288300 -4.666926
3.953545 2.037965 3.006182
4.015359 2.096395 1.914777
3.907770 1.947385 1.409494
3.968090 2.075162 6.189922
4.017580 1.986964 7.793329
3.589310 1.632266 38.231705
4.329115 1.945185 1.402386
4.018316 2.319887 -0.578595
4.156318 1.932008 1.790509
4.029604 2.230173 4.185414
4.163123 2.172312 0.634956
4.051063 2.072606 -4.188805
3.151928 0.818673 71.923336
4.213240 2.204803 0.453480
4.166036 1.952134 4.883111
4.181513 1.966215 2.705229
3.923825 2.036366 1.009733
4.073540 2.009332 0.472932
4.128458 2.086431 1.117608
4.186232 2.011783 4.042494
4.044830 2.708610 -6.185101
4.065272 1.755232 3.002969
3.848781 1.899335 25.629762
4.083914 2.081279 0.812439
4.033586 1.881138 4.351062
3.740982 2.081648 3.044883
4.213268 2.112138 2.651778
4.015363 2.145585 3.248201
4.247105 2.235228 -1.196367
4.042524 2.238680 4.120801
4.019773 2.310397 1.839490
4.275695 1.995817 1.811079
4.122092 2.103632 0.380061
4.076237 2.170773 4.873205
4.080132 2.215863 1.228832
4.088724 2.201204 -0.463184
4.208397 2.087045 1.846296
4.416861 2.221235 -9.389634
4.177999 2.181895 1.813308
4.149337 1.834570 3.219853
3.884582 2.284132 2.525970
3.929849 2.393154 0.718619
3.823055 2.279101 2.268636
4.284574 2.044021 5.120320
4.405527 2.363910 -3.898483
3.891987 2.004906 3.847359
3.907671 2.199516 2.790075
4.119882 2.053452 2.136645
4.460563 2.048549 0.449979
4.207569 1.820127 2.079618
4.031304 2.188275 2.032432
4.213852 2.263179 -1.075369
4.193662 2.244429 -2.139899
3.946219 2.184193 1.970393
-3471011794841194102521856.000000 -18681581209563588198400.000000 19606322541782415450308608.000000
3.901704 2.150839 1.682341
4.176507 2.463179 -2.863354
4.110658 1.925784 2.034805
4.114213 2.208741 -0.376931
4.257122 2.325515 -0.605893
4.128877 3.145677 -8.783956
4.360048 2.862789 -15.294999
3.540109 1.315736 46.294855
4.035758 3.003672 -6.862906
4.570080 3.417332 -25.250122
3.992510 2.640439 -9.078210
3.699614 1.454351 34.202179
4.043641 1.895403 2.416990
4.120138 2.118955 2.123928
4.228954 1.987964 2.107638
4.011529 3.142621 -9.035421
3.947032 2.142290 6.054695
578413439331044992.000000 1201890237446351104.000000 -61489398003969703936.000000
4.126111 2.526395 -3.239905
3.851954 2.373606 0.327653
4.279224 2.002979 0.948941
4.206352 2.023443 -1.195323
4.071968 2.611880 -10.336858
4.141020 2.094072 -0.414183
4.133351 1.940029 2.074784
4.192647 2.495837 3.135000
4.072839 2.688819 -4.522515
4.268901 1.975012 -0.769898
4.011328 2.114763 2.420480
3.306660 1.325712 57.880389
4.629708 2.350801 -3.391670
4.136093 1.685609 3.489995
4.175050 1.706654 3.597264
4.294306 2.388779 -5.279130
4.200712 2.245050 -1.621089
3.742913 2.242641 -0.999674
4.164453 2.304048 2.908664
110103096748273270784.000000 150975898297663422464.000000 -6267780926711284105216.000000
3.862493 2.002826 11.396902
4.315004 1.896146 -1.110510
3.967786 2.148440 1.939726
3.877278 2.338386 0.121440
3.841094 2.357698 10.837603
4.342501 1.982068 1.922861
3.792426 2.253392 4.651673
4.285740 2.328262 -2.874602
4.096656 2.017446 3.199768
4.409347 1.988434 -0.181183
3.717987 1.853729 30.517704
3.896348 2.008211 5.803451
4.028194 2.175125 4.592196
3.807315 2.312211 0.316806
4.159847 2.063433 -0.876075
3.832358 1.988988 16.606815
4.424521 2.096645 -1.109887
3.984285 2.108130 2.076880
4.105263 2.177891 2.945782
3.919609 2.179055 1.688901
4.248881 2.305635 1.461187
4.117070 1.890737 1.685060
3.774218 2.505344 0.569641
4.386600 1.932403 3.252432
4.283992 1.774165 9.716081
4.005155 2.215472 0.679144
3.966455 2.008563 3.637056
3.998898 2.243277 1.753276
3.585754 1.477696 39.312184
4.268200 1.925208 0.957781
3.846588 2.214403 4.862365
4.205263 1.989357 2.162331
4.154317 2.147317 2.177589
3.951499 2.321692 -0.092414
3.922550 2.017291 0.981473
4.155517 1.945901 2.398900
4.114645 2.160116 -0.411877
3.923426 2.048707 11.164113
3.878847 2.269271 1.918843
4.205286 2.768607 -7.699970
4.275993 2.255613 1.083168
3.831602 2.063919 2.821212
3.754959 2.423260 0.763485
4.320239 2.004908 3.606099
4.308200 1.629448 3.735155
3.978814 1.893637 13.595812
4.305461 1.826711 0.718571
3.952206 1.872128 17.119287
4.074910 2.158440 0.980299
4.045942 2.081421 6.509459
4.083008 1.839883 3.219330
4.337958 2.053149 1.172915
4.024167 2.023901 4.139336
4.318018 1.890911 -0.146261
4.025106 2.429261 -0.943933
4.024688 1.921276 0.411308
3.976617 2.209905 4.588201
3.995500 2.215636 3.633177
4.407613 1.869559 -1.333948
4.129093 2.786894 -5.625438
3.901901 2.172378 3.511805
4.042453 2.195506 1.642010
4.001024 1.952879 4.118485
4.008162 2.099055 14.224026
4.149019 1.965578 2.282251
3.870274 2.385027 0.260824
4.066270 2.042057 2.588238
4.043483 2.169661 2.569854
3.946044 2.014735 4.157685
4.090455 2.037870 0.558628
4.250444 2.020583 2.212592
4.192236 2.024240 2.745942
4.024928 2.017471 3.094576
3.844820 2.158195 6.542284
4.211996 2.107764 2.079001
4.176391 1.796775 2.357679
4.090905 2.241715 1.585855
4.066320 1.968849 3.529194
4.055557 2.172345 2.326359
3.950399 2.562569 -1.477176
3.899460 2.240613 1.693144
4.000278 2.119032 1.103981
4.119612 2.111766 4.392355
4.065199 2.446983 -2.621784
3.964974 2.086465 1.551920
4.301597 2.251143 -0.768514
4.175708 2.196413 1.607141
3.973983 2.243423 6.994982
4.019724 2.056617 2.662613
4.197658 2.332636 -2.794383
3.907526 2.209286 2.433715
3.720562 2.734882 -2.364689
3.994776 2.130112 1.894489
3.988889 2.057398 3.096615
0 0 0
3.994619 2.342151 0.339767
4.009507 2.021747 1.043815
4.182202 2.007992 0.744399
4.351361 2.439453 -6.420707
3.770612 2.193339 3.578624
0 0 0
4.313578 2.003344 2.530815
4.063359 2.122763 1.379073
3.958921 2.223732 2.842202
3.955807 2.067284 3.676330
3.945727 2.067838 9.089334
4.285233 2.031643 2.928555
4.094564 2.628633 -7.711803
4.130307 2.219913 -0.086160
3.854261 2.286601 4.180977
4.041494 2.078626 0.287018
3.956636 2.184920 3.323059
4.010204 2.058792 3.116085
4.089556 2.260945 0.409911
4.001730 2.360474 2.355784
3.383371 1.056013 58.137825
4.264565 2.147049 -2.155954
4.197041 1.948419 1.486842
3.953181 2.035429 3.279278
4.273882 2.196153 -0.639385
3.653325 2.352307 7.823412
4.162290 2.041326 2.507160
4.066707 2.018104 1.518223
4.075633 2.184688 1.087772
3.977116 2.270284 3.618109
4.451140 2.584610 -10.998764
4.357283 2.022351 3.098771
3.856457 2.221141 1.183816
3.915798 2.248110 1.012121
4.166802 1.977118 0.447658
4.039555 2.348504 2.114498
4.103679 2.034082 3.538062
4.124737 2.247335 -0.865943
4.102182 2.393599 -0.129514
3.841259 2.172734 1.522947
3.981091 2.113843 3.559907
4.015592 2.131823 3.738164
4.205522 2.405194 -6.057504
4.061835 1.967033 2.933524
4.246189 2.032013 1.652044
4.194836 2.338529 -0.509248
3.899220 3.091988 -9.027547
3.345236 0.737164 64.248164
3.876595 2.245815 9.641146
4.092518 2.096350 1.264460
4.015074 2.691698 -9.501072
4.020441 2.039356 2.901311
4.150530 1.998408 2.146090
4.064765 2.099132 2.081645
3.576224 1.927133 28.442527
3.997169 2.803600 -4.200222
4.514399 2.299671 -4.396752
4.026645 2.067048 1.203178
4.155986 2.329666 -0.204343
4.277424 1.968425 2.003107
4.105973 2.185441 1.949700
3.872662 2.205838 1.272865
4.110423 2.328667 2.479623
3.940276 2.111143 4.761136
4.158779 2.259040 0.800563
4.392167 1.992143 1.816463
4.284250 1.826747 4.587386
4.071946 2.157227 0.841883
4.126613 1.874401 1.902349
4.233521 2.269107 0.562762
4.296150 2.378410 3.984790
3.748480 2.244626 3.239695
3.595459 1.963655 18.410202
4.137374 2.177317 -0.490386
4.017495 1.953084 1.787467
4.208623 2.117735 3.722503
4.295338 2.100889 -2.612171
3.962579 2.416208 1.475813
3.928702 2.330088 3.380606
4.040829 2.396262 2.672651
3.776838 2.207145 7.414970
4.212406 2.190510 1.269868
4.193298 2.259208 -2.200851
3.965441 2.000972 1.724706
3.795847 2.107642 19.851374
4.166896 2.209768 0.774034
4.231597 2.122295 0.030243
3.870782 2.119953 16.795683
4.113323 1.823745 0.279712
4.026534 2.082260 1.463052
0 0 0
4.085133 2.014564 9.306424
4.400261 1.758274 2.601508
4.142938 2.389411 -2.414709
3.927818 2.212883 3.371598
4.332270 2.250337 -1.823811
4.180562 1.921125 2.488788
4.174912 2.155639 1.447096
4.042812 1.971836 1.928486
3.990682 2.255321 6.208200
3.900771 2.172856 8.928667
3.448006 1.509224 44.306156
4.155187 3.135007 -15.379484
4.140183 1.969884 4.349301
0 0 0
4.007817 2.027645 19.736349
4.084614 1.916127 4.058799
4.261142 1.904529 1.707330
4.168151 1.854712 -0.208821
0 0 0
4.468977 2.025764 2.900065
4.132994 2.391346 -2.749688
4.303159 1.921190 0.863335
4.034759 2.022434 3.213588
3.958563 2.041891 6.111829
0 0 0
4.099813 1.929564 2.166585
4.003370 2.190874 0.036917
4.006139 2.033562 2.845172
4.190996 1.983460 2.809962
3.937856 2.002415 4.095764
4.147727 2.189578 3.391238
3.903824 2.132220 2.415460
4.313029 2.592491 -10.009582
4.023680 2.000334 2.785010
3.836144 2.150179 3.413586
4.338686 2.498337 -6.671324
4.007784 2.239361 1.708113
4.316755 2.094233 4.377220
4.124857 2.176159 2.060736
4.254518 1.968558 1.797216
3.854338 2.265234 15.948958
4.267877 2.134434 2.960531
3.920852 2.272890 1.386120
4.009963 2.399290 -2.724473
4.106007 2.674846 -4.122239
4.250758 2.146047 2.535805
4.332920 2.158397 -2.529437
4.153452 1.958711 2.751619
4.028618 2.562376 -0.169866
4.177508 1.844279 1.720563
3.978234 1.950472 3.104845
3.296515 0.960835 62.076274
-454265179632798924800.000000 -127704379237970165760.000000 3869821538125687029760.000000
4.118369 2.132876 1.580907
4.013111 2.098312 2.053565
4.143721 2.061737 3.648152
3.848776 2.070580 2.593851
3.890302 2.199873 3.584107
3.751962 1.921613 26.811395
4.034475 2.011823 2.792943
3.311542 0.766610 67.148521
4.002053 2.084319 3.556951
3.836497 2.586507 -0.737492
4.133329 2.065355 2.640542
4.147085 2.340884 -0.229894
3.845836 1.981105 4.984110
4.075765 1.741078 5.127194
3.944538 2.185280 3.788616
3.953326 2.055670 10.485163
4.299765 2.026678 1.842477
4.039320 2.022809 1.592371
4.059010 2.187703 2.003953
3.672111 2.189479 2.799612
4.046928 1.985309 2.914672
3.826745 2.150752 10.990848
4.080843 2.183175 2.382094
4.169641 1.893356 2.861007
4.106940 2.321356 5.230492
4.049721 2.664301 -3.735544
4.048130 2.081225 1.771544
3.903512 2.094985 3.063937
3.643135 2.613687 1.468690
4.240243 2.166096 -1.485807
4.367376 2.150422 -0.631149
3.736310 1.688767 31.768252
4.295994 1.885817 5.384138
3.908365 2.183688 9.881323
4.134877 2.183655 5.846955
3.994012 2.293257 0.470617
4.091082 2.200238 1.421227
4.285025 2.406845 -4.520166
4.014921 2.299489 2.285587
4.292221 1.940885 0.307924
4.211606 1.901575 1.996314
3.894407 2.321444 4.548968
4.579442 2.016368 -4.926326
4.238473 2.110833 0.522707
4.334012 2.303666 -3.010471
4.287612 2.126670 1.230892
4.166938 1.946638 0.902335
4.343505 1.821418 0.861778
3.964473 2.147946 2.017627
3.993821 2.073600 3.234845
4.197417 2.156031 2.594546
2.982724 0.568998 85.036982
3.874355 2.127210 2.687059
3.897171 2.230167 5.019337
4.101334 2.282235 2.023134
3.948368 2.296986 2.878332
4.011238 2.122974 2.962447
4.261766 2.308099 -1.246821
3.922244 2.365549 0.162014
3.903054 2.148134 1.475088
4.104818 2.071592 2.646980
4.056340 2.148733 0.870112
3.970441 2.172771 1.816122
4.006373 2.050847 1.450269
3.897495 2.191082 9.222277
-12779589591523429187584.000000 -7194177967229467885568.000000 832241996640322825748480.000000
4.120612 1.999324 2.040432
3.956709 1.975566 4.299777
4.458169 2.808185 -10.932949
4.083998 2.746988 -6.544406
3.996336 2.209139 6.330387
4.073184 2.208691 0.971716
4.125094 2.027422 1.140089
3.988066 2.163948 1.671038
4.053464 2.064933 2.315435
3.963353 2.215431 3.848189
4.238400 2.724614 -7.956198
4.369523 1.855407 1.152347
4.139733 2.352343 -3.690153
2.590925 -0.518431 117.567564
3.857743 2.224266 1.510720
4.055952 1.907716 2.466475
1.974802 -2.837110 225.431289
3.965850 2.248473 1.762358
4.325116 2.160304 -1.776818
3.932969 2.248953 1.099592
3.849429 1.802483 24.927461
4.005287 2.108560 3.010733
3.718073 2.216352 2.715477
4.374824 2.028709 1.373258
4.154518 1.985097 4.670922
4.186295 2.390488 -2.158502
4.078025 2.281843 0.532542
4.132313 1.924596 2.832972
4.048078 2.347702 6.461158
4.114011 2.136112 -0.232451
4.032887 2.156467 -0.367668
4.047616 2.284101 0.786577
4.062409 1.907511 1.403680
4.069736 1.844415 2.151437
4.006081 2.187535 -4.824967
4.444793 1.833407 -0.553936
4.312319 1.947318 1.649444
3.954980 2.301138 8.754583
4.116063 2.448346 -0.390673
4.113956 1.870246 7.934051
3.966018 2.024342 3.637147
3.869912 2.233210 1.546646
3.772089 2.183212 4.657557
4.091815 2.088709 -0.702884
4.122038 2.214518 1.246797
3.661192 2.321675 1.390858
4.040181 2.020136 3.887691
4.137871 2.125056 1.691224
3.970816 1.902052 1.591710
4.129894 2.415220 -1.617205
4.600622 0.979163 31.589318
4.019571 1.932786 1.961598
4.061588 2.127607 0.751221
3.961902 2.083952 2.442823
4.149239 3.116157 -10.914217
4.260989 2.395428 -1.141185
4.224725 2.110553 0.735086
4.010363 2.078732 2.326932
4.045455 2.153513 2.526789
4.451928 1.970908 1.941243
4.176071 2.294275 -0.510153
4.245674 2.517196 -5.797862
3.929661 2.908886 -11.262943
4.303733 2.312667 -3.143229
3.974345 2.515770 -3.244554
4.174801 1.849353 3.275978
3.955792 2.498653 1.485172
3.832821 2.120034 2.970095
4.062249 2.246956 1.352406
4.273351 1.947368 3.051200
4.144956 2.196166 -0.958415
4.040777 2.368489 -1.867946
4.219152 2.102436 2.545002
4.159317 2.035131 1.762653
4.081813 2.308821 -1.933231
4.080295 1.810098 3.952123
4.074962 1.776149 2.783074
4.048388 2.331676 1.659014
4.468694 1.986717 -0.217046
4.009101 1.894995 7.294871
4.351804 1.752083 2.782616
4.119578 2.180052 2.352973
4.111239 1.722072 3.067336
4.275425 2.070084 -1.072369
3.997466 2.513388 -3.294907
4.082244 2.169563 3.004097
4.335685 2.051776 7.013753
3.985687 2.233182 0.975999
4.012627 2.053298 2.352698
4.168370 2.114580 1.253926
4.188554 2.161338 1.330612
4.043306 2.968069 -15.136700
4.342943 2.480630 -5.220473
4.076860 1.955364 4.383901
4.020327 2.063651 2.447097
3.836594 2.533863 1.075275
4.245922 1.711880 20.175314
4.073449 2.102694 0.628998
4.147642 2.107586 2.603820
4.074706 1.947704 3.030906
4.151599 1.965605 0.929544
3.994443 1.998086 2.384510
4.234924 2.784101 -12.403861
4.190629 1.985443 2.769488
3.929934 2.198690 2.190568
3.797315 1.979626 1.734669
4.069462 2.066180 1.881587
4.105869 1.918897 1.498642
4.102349 2.426156 -3.326473
-1769647716356389120.000000 911947447116523904.000000 75673958916472586240.000000
4.155799 2.048847 5.284628
3.729784 2.281492 2.762576
4.048872 2.101544 0.625349
3.838798 2.216095 4.944348
3.898877 2.022338 3.725799
3.956777 2.237765 0.481577
3.993695 2.199270 3.960142
4.185339 1.986921 0.916113
4.134088 2.105538 4.272337
0 0 0
4.041252 2.085018 3.292569
3.934213 1.894971 2.396512
3.587165 1.724511 37.331700
4.043380 2.711858 -8.855038
3.979230 2.130266 1.819611
0 0 0
4.096611 2.067390 2.812954
4.148359 2.140076 2.929162
4.253571 1.908510 1.873162
3.983421 2.319202 1.125240
4.086465 2.586699 -6.535330
4.219831 1.931660 2.753631
4.111589 2.038391 2.034323
4.179296 1.975902 3.115875
4.107092 2.277529 4.599181
3.860074 2.248075 3.605580
4.187981 2.074063 3.106614
3.975967 1.896542 3.713429
4.323909 2.619762 -9.419341
4.105543 2.237699 2.192843
4.084355 2.455045 -4.154724
4.097423 1.784831 1.374723
4.229617 2.023465 1.557888
4.040216 1.955397 2.942925
4.302000 2.210061 -2.693058
4.109830 2.089104 3.141069
4.186706 1.872754 2.586506
4.123512 2.157744 1.451453
4.014301 1.812219 2.992646
4.068050 2.110389 3.279405
4.021490 1.939020 4.983842
3.692626 1.844648 23.181085
3.988915 2.296619 -0.572065
3.996966 2.274955 -1.456410
3.992684 2.337694 0.504045
4.155047 2.184752 2.076116
4.001468 2.156210 2.062095
3.964418 2.146706 -0.211124
4.516229 2.190635 -4.645315
4.016237 2.180757 2.567826
4.078823 1.979150 3.146481
3.704618 2.167058 10.094601
4.088484 2.088069 0.915902
4.264260 2.373310 -5.853492
4.375139 2.193503 -0.860397
4.353058 2.134746 -1.385537
4.120453 2.006796 2.515536
4.231139 1.811005 2.137984
4.048288 2.159315 1.467408
4.224290 2.036140 2.980953
4.128623 2.383192 -0.375156
4.058027 2.134568 2.520643
4.624686 3.250171 -26.168718
4.066236 2.182778 7.292926
4.135161 2.010540 1.275496
3.941740 2.524257 -0.198067
4.227705 1.911705 1.834066
4.350986 2.324854 -3.158732
4.042782 2.125402 1.731194
4.233330 1.934753 1.069645
4.136418 2.135322 1.475506
4.209770 2.124031 1.908842
4.168992 1.962033 1.776065
4.019044 2.194306 4.477989
4.187861 2.204579 -2.554306
4.222377 2.147747 1.226450
3.980300 2.389638 1.515019
4.049505 1.972821 2.245446
3.966685 1.918828 11.357616
4.156232 2.072873 4.161835
3.976341 2.259374 1.015053
3.855453 2.079418 3.044329
4.101143 2.003348 2.058959
4.194113 2.014829 2.694089
3.377697 1.461257 53.041168
3.983340 2.237761 1.815674
3.987562 2.325413 1.525055
4.247459 1.916158 3.742830
3.973895 2.186029 5.374836
3.943293 2.267913 4.301640
4.126552 2.050702 2.563921
4.202567 2.106352 1.547118
4.085199 2.097005 1.577716
3.878264 2.102569 0.598382
4.218610 2.534718 -5.861636
3.435320 1.464733 48.433652
4.304307 2.061802 0.100361
3.935993 1.979159 1.861405
4.206152 1.843763 2.303189
4.004247 2.351081 -2.987929
3.533681 1.670744 36.911543
4.340998 1.962298 -0.159465
3.799016 0.991460 44.157481
4.038815 1.911974 5.330140
3.936939 2.262082 2.659955
3.643573 1.875770 29.686557
3.967908 2.263319 2.778176
4.082883 2.113193 0.054371
4.071749 2.052991 0.135479
3.856571 2.287109 1.032590
3.954743 2.323893 7.002152
3.989603 2.301932 1.480056
4.282829 2.243927 -0.617879
3.988788 2.263131 2.388252
4.427772 2.516912 -5.591700
3.751340 2.103821 15.020423
4.231424 1.700268 4.942479
4.331713 1.870005 2.839032
3.974962 2.156399 1.184434
0 0 0
4.010847 2.359248 -1.015521
4.080219 2.214062 3.022579
4.249436 2.078186 -2.285987
4.027816 2.636113 -4.287180
3.822808 2.149169 4.073239
0 0 0
4.315211 1.847018 1.667832
4.151287 2.470958 -1.805987
4.179248 2.515011 -4.706486
4.118859 1.903083 3.362982
3.773469 2.059456 3.986828
3.734754 1.382023 31.772040
4.060500 2.150149 0.646964
3.630354 2.132844 7.398361
3.969654 2.266497 1.840462
4.141079 1.861157 -0.016217
3.928511 2.153339 4.979759
4.226242 2.063644 0.567554
3.740994 1.932247 13.279595
4.083346 2.268523 1.629207
4.295148 1.981741 0.669164
2.973655 0.995480 82.231318
4.317741 2.887179 -14.118804
3.825575 2.129525 11.955717
4.116635 2.008248 1.299895
3.925636 2.318954 1.924475
4.224819 2.159207 -1.754916
4.067368 2.089587 0.841345
4.383181 1.702913 -0.860115
4.153366 1.866160 0.647381
4.166997 1.908433 3.306928
4.056009 2.160735 -0.094024
3.979067 2.146482 2.116611
4.557689 1.903272 -2.665876
3.953234 2.008234 2.220267
3.977511 2.207127 14.159315
3.214524 1.222386 67.645575
3.801658 2.520775 1.842068
4.130911 1.806679 2.444368
3.966689 2.235722 -0.096356
4.235788 2.220486 -4.355263
3.506970 1.961881 39.924848
4.468651 2.400896 -8.753655
4.004853 2.024109 2.110318
4.235074 1.840995 3.076240
3.886746 2.258590 1.539088
4.167332 2.191253 -0.027458
3.640958 2.427802 15.151844
3.997741 2.168292 2.249926
4.074863 2.896601 -10.019046
4.192963 3.200045 -13.191627
3.588634 1.920810 31.993411
4.012854 2.320551 0.526377
3.600011 2.296311 2.387305
3.637419 1.906647 29.223336
4.058041 2.059307 -0.098403
4.240574 2.201211 -2.614884
4.158372 2.079508 -0.136805
4.077974 1.931224 6.601954
4.330078 2.153058 -3.062561
3.845440 2.168360 1.146693
4.210835 2.542555 -3.598177
4.286211 2.066151 1.394732
4.239392 2.156274 -1.053033
4.112546 2.309113 3.919070
3.238559 1.314718 63.270665
4.000445 2.397816 -0.586558
4.048019 1.855808 3.345677
4.077572 2.304199 -0.455658
4.171136 1.866972 3.169487
3.984678 2.134348 2.517813
3.937227 2.132881 1.505993
4.015605 2.184920 2.524372
3.768506 2.220336 -0.023619
4.226541 2.188364 -0.640269
4.293220 2.020056 0.546331
3.885555 2.616779 0.333278
4.073330 2.032131 1.797467
3.946068 2.250549 0.822397
3.616557 1.219680 47.945056
3.994261 2.100465 3.442754
4.056771 1.983302 2.411862
3.979906 2.366249 1.313136
4.194626 1.924047 2.186523
3.850063 1.955515 6.687650
4.108673 2.004574 3.614858
4.040831 2.126170 3.900785
4.208308 2.220243 1.175687
4.183695 2.008184 0.772872
4.103914 2.369637 1.241112
111358274391433872.000000 333880630934611392.000000 -5043973748760957952.000000
4.399737 2.024656 0.172085
3.750342 2.086641 4.185007
4.027048 2.264112 2.937887
3.870031 2.518543 -0.109465
4.187039 1.952100 2.369185
4.206858 1.831015 3.218187
4.174812 2.087504 2.968453
3.998851 2.243372 5.217054
3.753790 2.440537 4.071629
3.925030 2.409110 -0.038822
3.946231 2.174472 1.197098
4.294503 2.024174 1.761532
4.171794 2.057545 7.544763
-227794564090123386880.000000 -74334794375130677248.000000 1860777687341406355456.000000
4.175753 1.675914 4.216794
4.034547 2.505699 -3.903331
4.000932 2.002599 3.271537
4.044691 2.371546 0.387481
4.044540 2.086943 3.185919
4.232885 2.043872 2.203435
3.972602 2.128188 1.894565
3.834115 2.199754 1.402285
4.009816 2.190094 2.569476
3.913462 2.271048 1.222934
4.216625 2.108829 0.725377
4.311849 1.821942 2.950426
4.133361 1.983834 -0.211946
3.993787 2.170774 1.320557
3.982574 2.096237 1.110113
3.934230 1.940062 5.353228
4.088714 1.947875 1.959473
3.996760 2.273344 2.152386
4.159012 2.340302 0.923000
3.957906 2.191207 1.160696
4.231523 1.735916 4.527717
4.136712 2.996429 -12.079088
4.133435 1.858056 1.798588
3.905343 2.089545 1.848502
3.948915 2.000273 2.524878
3.951414 2.168916 4.445430
4.289340 1.853651 3.047342
3.843558 2.166335 13.363409
4.098184 2.175484 1.565510
4.061458 1.916128 0.685555
4.050410 1.961691 13.483545
3.947312 2.012726 2.796861
4.255431 1.922733 4.642072
3.984795 2.022277 3.662693
3.928914 2.252671 2.060889
4.031233 2.169889 1.937542
3.841446 2.268723 5.181202
3.875330 2.163796 2.094593
4.305752 2.050065 3.144802
3.976191 2.080421 2.675728
4.008786 2.195589 1.749874
3.944336 2.208495 1.488194
3.886030 1.958182 0.122251
3.967129 2.139686 1.660145
3.862109 2.285689 0.450062
4.100193 1.945190 2.383429
4.058584 1.798960 1.839435
4.099989 2.423138 -2.849034
4.403443 1.766346 -0.193313
4.209596 2.173307 1.486605
4.175192 2.094082 1.194071
3.971847 1.991303 1.808125
3.847025 2.453920 0.808549
3.969694 2.210347 4.375062
4.113087 1.911214 2.971079
4.103087 2.145278 -1.092336
4.089174 2.168266 -2.353178
4.072010 2.232771 2.710520
4.001946 1.996543 11.081533
4.149789 2.042542 1.946450
4.316591 2.024891 0.892496
4.247613 2.236836 -2.566487
4.244673 1.833826 1.607101
4.064358 1.911842 7.227638
4.080576 1.927779 2.130952
3.930848 2.100364 2.276126
4.130349 2.016521 3.578740
4.554529 2.315289 -7.783070
4.006069 1.995202 1.059034
4.228586 1.973588 -0.120647
4.273026 1.983461 2.362437
3.762335 2.179936 1.423373
4.514035 2.080366 -2.841454
4.034276 2.328875 0.729090
3.670010 1.977471 28.789691
4.272154 1.867540 4.195514
4.110601 2.929497 -4.536803
4.107606 1.956028 2.638879
4.343501 1.871933 -0.468428
4.348852 2.045299 -1.339483
3.822229 2.238055 10.335132
4.239518 1.820322 0.590545
4.091297 2.599704 -0.915772
4.007071 2.099996 1.534715
3.991991 2.391428 -1.900924
4.087237 2.000243 -5.938918
3.976713 2.060684 2.426566
3.398857 0.803096 61.531257
4.265515 2.795177 -7.792182
4.161667 2.245365 1.129096
4.049978 1.834199 3.128081
4.208774 1.852876 1.874127
4.127710 1.906016 2.047820
3.954925 2.457432 -0.489883
4.118233 2.053899 4.346936
4.022747 1.920331 6.202025
4.101809 2.076662 0.868786
4.168602 2.107935 1.533869
4.188806 2.048891 -0.450823
3.897663 2.348002 1.366748
4.149322 2.178369 1.844041
4.053433 2.201843 -0.472992
4.117829 1.939679 1.073202
4.074663 2.150563 2.179453
33124243543404039897088.000000 -534769919318915385655296.000000 4493565404722720738902016.000000
4.149698 1.800118 7.089953
3.719595 1.519228 43.679343
3.886409 2.184112 2.546622
4.047945 2.038194 4.649185
3.855220 2.727849 -3.346858
3.840821 2.244904 13.697090
3.938393 2.256701 0.199789
4.179033 2.121452 1.046752
4.159896 2.150642 0.646140
4.258258 1.763573 3.404106
4.024941 2.116223 1.245658
4.047641 2.064996 2.095977
4.158834 1.988798 5.122295
3.906165 2.200530 5.592205
4.029701 2.236530 2.700648
4.139852 1.858164 3.526142
4.015860 2.446295 -3.047232
3.880955 2.236858 3.636535
4.278895 1.972169 -0.840593
3.929175 2.146975 2.416817
3.975992 1.975360 12.109813
4.038899 1.993559 3.138178
3.889735 2.272651 1.621883
3.983830 2.250545 4.216537
4.145640 2.257783 0.040037
3.938630 1.988599 1.234663
4.296201 2.108218 0.276170
3.688504 1.985159 23.987488
4.141941 1.913677 1.924812
3.987077 2.009999 2.247848
4.175758 2.083843 1.264275
4.105363 2.162987 2.536850
4.247115 2.204032 -1.326523
3.978834 2.681808 -8.187083
4.047303 2.431152 -0.946842
4.040103 2.237764 5.350931
3.963295 2.307799 1.708705
4.243172 2.011714 1.859921
4.141250 1.831747 12.560323
4.162658 2.076312 0.776993
3.588421 1.878250 28.116521
4.091083 2.061930 1.921128
4.261446 1.631717 3.329099
3.996577 1.983051 2.949057
3.778841 2.398660 4.040045
3.933850 2.007541 5.459951
4.000931 2.167913 0.381363
4.403956 1.932508 -0.660362
4.069000 1.882284 3.512583
4.032868 2.041732 3.603303
4.051863 2.079155 1.984661
4.158814 1.905721 1.938435
3.683771 1.911367 3.874170
3.593913 1.639593 35.611535
4.161689 1.862423 2.134150
4.063849 2.152725 1.295627
4.286492 2.106858 -1.178345
4.373154 1.708307 2.886866
4.170825 1.843183 3.359441
4.425247 1.962945 -1.379444
4.070455 1.870290 2.921551
3.817011 2.322977 11.787425
3.856566 2.318763 11.660340
4.332721 2.855845 -15.231018
4.158910 2.418306 0.078025
3.963837 1.887185 2.829574
4.257984 2.416406 -4.741610
4.021380 2.169782 2.091725
4.122370 2.109447 7.688987
4.463694 1.994404 -3.326490
4.071905 2.266101 -0.011159
4.320872 1.894268 -0.105208
4.008113 2.184377 2.480614
4.272864 1.935411 -0.100516
4.145054 2.262376 0.751816
4.027224 2.189840 2.695329
4.181396 2.498440 -5.289309
2.780266 0.130836 107.471208
4.044215 2.083863 2.776919
4.103811 2.491260 -0.601338
3.938317 2.059683 3.785853
3.923705 2.123140 1.695801
3.937213 2.381031 1.983032
4.141156 2.205585 -0.436900
4.040995 1.980358 4.437261
4.468294 2.737499 -23.068986
3.630252 2.218990 21.822444
4.052666 2.046000 1.797541
4.101154 2.186661 4.567238
4.214229 2.675840 -9.009472
3.936819 2.223370 4.806499
3.934261 2.271651 4.090812
4.008217 2.356303 6.650448
3.810026 2.193386 6.207781
3.868812 2.185121 6.663574
3.974570 2.146232 4.150639
4.138510 2.482306 -3.655457
4.488433 2.107953 -0.060682
3.968843 2.230637 0.789873
4.052273 1.849129 2.986057
3.991350 2.129199 2.689080
4.188581 2.246034 -1.788435
3.995977 2.014430 2.788478
4.099149 2.170485 1.369949
4.203221 1.988794 1.107728
4.289143 2.171330 1.253126
3.956659 2.084218 4.501679
3.918248 2.128661 3.549216
3.966876 2.067222 2.822794
4.068654 2.296511 -0.995769
4.114338 2.472972 -1.233586
3.844162 2.179269 2.863613
4.058642 2.323125 -0.766984
3.705623 2.078164 3.259230
4.327239 1.873016 0.845888
4.022617 2.387335 4.476597
4.002464 2.206913 2.284515
4.035237 2.093480 3.368812
4.136236 2.027208 7.963248
0 0 0
3.948513 1.636295 15.143049
4.460969 2.676952 -11.190670
3.928505 2.095832 1.221909
4.249022 2.793180 -6.065688
3.668093 2.136181 13.747066
0 0 0
4.080202 2.448657 -1.749752
3.934712 1.913005 3.023152
3.850895 2.295881 0.447932
3.888656 2.299430 2.140403
3.768135 2.186807 14.392192
4.371461 3.324754 -21.565557
3.893363 2.268578 3.450949
3.874007 2.133196 1.746649
4.202743 1.840018 -0.292142
4.096373 2.367231 -1.334120
4.275628 2.326119 -2.662218
4.497253 2.691845 -16.056177
3.505402 1.905284 38.203421
4.274287 1.731087 6.782874
3.829423 1.960775 13.220541
4.141634 2.083677 0.665766
3.804465 2.617129 -0.487015
3.840183 2.056347 2.581597
4.168346 2.004054 3.897520
4.161584 1.981723 -0.240884
4.439897 2.417602 -9.362263
4.125478 2.213485 6.362939
4.154093 1.946607 1.853073
4.116018 2.152295 1.991306
4.013930 2.281541 0.891525
3.731554 1.917524 29.391663
4.125929 2.059819 -0.753881
4.193137 2.151057 0.262861
4.198356 1.595633 3.864736
4.177698 1.899174 1.628751
3.948275 2.262499 0.798284
4.289158 1.868264 2.485254
4.046172 2.013150 1.049926
4.206169 1.981704 1.742449
4.050768 2.551678 1.069760
4.115384 2.095216 2.529705
4.397355 1.715054 2.113556
4.121938 1.905728 2.708775
4.205036 2.097772 2.845159
3.977174 2.075261 4.205921
4.139628 2.308324 -2.506128
4.398277 2.787252 -7.708949
4.412313 2.289459 -2.336928
4.286687 1.878218 0.541653
4.385518 3.069282 -23.648555
4.060440 2.006641 1.519872
3.854284 2.366977 2.514851
1.439137 -4.452760 260.657622
4.047947 2.081443 3.070479
4.074644 2.326661 -1.942477
3.834021 2.278101 -0.267230
4.155417 1.918154 1.552002
3.939635 1.848762 4.295663
4.019612 2.243680 3.447580
4.074518 2.075458 2.140775
4.238161 2.230192 -4.560795
4.485231 2.480583 -7.201902
4.316807 1.807342 1.249958
4.311101 2.004552 3.978976
4.230064 2.420522 -7.723099
4.004697 2.009180 2.609756
4.112962 2.192715 1.349698
3.707781 2.451547 2.121344
4.008402 2.284848 -2.441574
4.089931 2.229985 -1.554754
4.227316 2.228515 -1.553933
4.165624 2.534656 -3.199869
4.133749 2.399431 -1.779901
4.230449 1.995845 2.116839
4.053138 2.264598 1.845388
4.164181 1.950536 2.789854
3.731166 2.333873 1.124434
4.323067 2.199682 -1.783512
4.050604 2.234555 0.412237
3.715589 2.043766 26.272627
3.991759 2.308340 2.189477
3.838694 1.905630 16.934434
3.992070 2.194194 3.018449
4.417926 2.062398 -0.995947
3.903420 1.820298 13.396159
-4796599723060120576.000000 -133402740853905801216.000000 3312415869280777666560.000000
3.824817 2.220433 4.797745
4.171855 2.055741 2.275838
3.400396 0.531435 69.215735
4.124507 2.131169 0.358265
3.908466 1.771142 1.486872
4.125698 2.227097 -1.746748
4.278389 2.027873 2.222371
3.966413 2.071291 2.056068
3.990727 2.081586 11.000017
4.133577 1.990027 1.369839
4.353767 3.110949 -12.851069
3.850929 2.088169 1.991202
3.343013 1.125574 59.799637
4.486977 2.519640 -6.738172
4.164926 2.064215 1.882601
4.131496 1.907044 -1.547103
4.322814 1.971016 1.413075
4.153779 2.146479 -0.306968
4.372175 2.407405 -3.846704
3.959894 2.409337 0.788804
4.068810 2.095238 1.912116
3.663527 2.216864 21.005849
3.845842 2.055413 1.247124
3.913069 2.042990 7.478109
3.935911 2.263117 3.941064
3.966925 2.103972 3.725307
3.748059 2.076723 21.287736
4.233654 1.856419 0.945913
3.939193 2.166307 1.794739
4.164618 2.008481 1.933387
3.928369 1.859113 2.535356
4.014906 2.002210 2.127375
4.191245 1.847413 1.627209
4.031605 1.948371 0.811673
3.669459 2.294218 16.895312
4.033202 2.327158 -0.040811
4.186108 1.964611 3.386420
4.238309 1.860862 -2.914826
4.168159 2.655970 -6.272702
3.997867 2.478739 -0.867683
3.831926 1.984949 3.156331
3.759405 2.041554 5.601360
4.502108 2.157764 -4.366443
4.090553 2.309020 1.956293
3.980196 2.071805 0.990353
3.900715 2.093379 5.025366
4.186564 2.549005 -9.632647
3.987709 2.038397 4.386119
4.270226 2.007973 2.005483
4.190217 2.180068 -0.811141
4.418163 1.819111 1.543625
-2.736961 -16.214457 676.199089
4.072869 1.870173 2.062443
4.143643 2.334676 -4.709359
4.323799 2.236766 -5.847369
4.315985 2.633368 -5.544387
4.204199 2.073774 2.557336
4.072075 1.849397 2.680714
4.141775 2.135668 -0.825979
3.546405 2.238229 0.669056
4.251268 1.921734 2.436414
4.142148 2.459438 -4.847724
4.053205 2.142806 0.252209
4.153035 2.079084 3.191491
4.401416 1.560682 2.724869
3.987323 2.159351 4.948398
4.156334 2.365490 1.333541
3.867415 2.178408 3.895325
4.125907 2.141733 2.359408
3.579111 2.346306 1.161956
3.923918 2.381874 2.687547
3.988332 1.866001 7.624937
4.044244 2.167770 2.376086
4.131063 2.858276 -13.087034
4.252485 2.013833 5.717034
4.474129 3.562892 -23.721468
1.222557 -3.494485 241.896974
4.142163 2.270392 -0.043281
3.971579 2.157253 14.827394
4.222045 2.148301 -3.206767
3.876843 2.159710 17.294583
4.239632 2.216449 -5.314226
4.109916 2.212863 2.065700
3.930410 2.473992 6.566125
3.821090 2.301117 3.275815
4.082880 2.056230 2.301617
4.213494 1.758964 2.184935
3.966913 2.616248 -2.762084
4.160709 2.473480 -3.603139
3.939278 2.081588 1.623898
4.136081 2.192231 2.495212
4.026483 2.406244 2.020991
3.706768 1.906992 22.703167
4.268348 1.965110 -0.562837
4.397994 2.633953 -8.596226
4.364580 2.161173 -3.765224
4.135909 1.982449 1.176229
3.805338 2.193275 3.859130
4.417295 1.873572 2.036370
4.184681 2.101118 0.109115
4.080157 2.254815 4.327328
4.239318 1.874823 3.814968
3.965083 2.176783 2.711701
4.577505 2.733124 -14.129474
3.894880 2.196771 1.787988
4.079983 2.519218 -4.705221
4.040244 2.361739 5.861027
4.190571 2.089283 -1.096842
3.795256 2.206171 2.316352
4.279463 1.852104 2.662315
3.868032 1.903313 -0.195459
3.969065 2.091572 2.676189
3.956539 1.818848 4.681068
3.951781 2.085800 4.495228
4.001725 2.434068 0.778763
4.158709 2.224916 -0.165193
4.171333 2.148579 -0.769303
3.997451 1.989704 14.783267
4.372950 2.462007 -5.374241
2.778182 -0.026680 102.587667
4.391892 2.326129 -2.094678
3.970173 2.449569 5.067062
12874761033602589261824.000000 525856902114790451707904.000000 -3397257457713611720884224.000000
4.271811 2.108504 2.384629
3.907685 2.063791 4.889104
4.346051 1.816455 5.812949
4.310280 2.381744 -1.550411
4.266327 1.755986 1.989303
4.413355 2.151263 -3.223065
4.195682 2.037297 1.564423
3.794232 2.231462 1.879224
3.742502 2.016033 18.409570
3.203537 1.303910 64.206385
4.136957 2.041137 2.000137
4.010942 2.242763 2.790990
4.147037 2.143735 1.208556
4.025687 2.172731 -0.621697
4.260678 1.798433 3.242363
4.140176 2.086986 1.913944
3.650414 1.731069 22.757595
4.095172 2.040731 1.192613
4.099317 2.352214 2.886411
4.486829 1.691542 1.885110
3.978593 2.122314 4.025510
3.291947 1.102176 60.772960
3.918097 1.987191 3.081158
3.805280 2.088683 3.126773
4.165313 2.729652 -10.111186
3.989462 2.288813 8.163706
4.052662 2.640602 -4.230826
4.211148 1.997071 -0.797482
4.071038 2.100189 0.533872
3.666809 2.325435 6.164017
3.553418 2.156056 25.536250
4.247232 2.057541 -1.926698
3.905487 2.033024 3.453297
4.189255 2.360365 -4.983196
4.072506 2.032005 8.073907
3.728022 2.131078 0.072827
3.884640 2.254702 2.482197
3.569262 2.069631 29.702767
4.176987 1.897164 1.249397
3.965234 2.420775 -2.131211
3.997115 2.123584 0.475476
4.228529 1.851940 1.600921
3.575789 1.645299 39.874015
4.105610 1.872791 -0.796299
4.214304 2.857039 -12.447149
4.138707 2.039742 1.323682
3.945836 2.167973 -0.141632
4.280662 2.182123 1.452383
4.178769 1.840167 0.962231
4.241365 1.966253 1.137851
4.115179 2.169090 0.568970
4.261470 2.257512 -3.415339
3.859620 2.013753 2.579126
4.117875 2.138556 -0.234351
4.119354 2.025833 5.077171
3.847123 2.023419 1.244357
4.144952 1.735066 2.120545
4.016841 2.588110 -1.593662
4.122479 1.940352 1.584476
4.129701 2.106950 2.335765
4.130046 2.099066 -2.885314
4.160776 2.228816 0.645248
4.269490 1.986641 2.396589
3.732004 2.312934 0.578453
4.299662 2.381258 -1.514925
4.166989 1.905411 6.397375
4.108674 1.981130 4.094478
4.167190 1.849002 1.790983
4.074292 2.001702 0.979982
4.312148 2.073502 -0.151214
93275030314996367360.000000 194886282327353032704.000000 -6706416840338665635840.000000
3.960913 2.169715 0.128486
4.140886 2.039854 -1.294198
3.925911 2.208182 0.555385
4.129677 2.129757 1.389203
4.182940 1.915766 -0.736851
3.872640 2.244219 -3.220123
4.034400 1.994321 0.844160
3.967772 1.703976 2.648363
4.000041 2.408143 -4.501753
3.977758 1.707604 1.978387
3.123525 0.414356 76.419706
4.075643 1.914510 3.187157
3.471537 1.596165 44.852207
4.083598 2.222773 -1.027494
4.222174 2.201976 -1.351661
3.975512 2.118424 4.347043
4.034834 2.049043 2.978247
4.185438 2.349996 -3.432501
4.242849 2.001167 1.450057
3.915221 2.161870 3.584536
4.081276 2.183970 1.293846
4.001480 2.300452 11.573887
3.981956 2.031441 2.215077
3.649019 2.261248 23.185056
-1699490187496823524950016.000000 -214590279896404259241984.000000 14154355407854080796655616.000000
3.886487 2.352193 3.453561
3.918375 2.081587 -2.052392
4.050214 2.035176 5.790558
3.573907 2.233264 1.978403
4.162899 2.511856 -2.703948
2.411961 -0.897789 139.214437
4.203402 2.428949 -5.422140
4.163807 2.277166 -1.122364
4.269678 1.934090 0.896802
4.094108 2.119677 3.429923
3.863292 2.685598 -7.703587
4.131327 1.580128 -0.096281
4.035448 2.191444 3.345017
3.797043 2.332744 5.696572
4.185523 1.884708 4.505815
3.973780 2.228758 2.260610
4.380491 2.187646 -2.646249
739588439540723456.000000 311617431060299136.000000 -25985326580953231360.000000
4.362265 1.298705 6.124808
4.151766 2.291904 -0.827036
3.958838 1.979214 3.268815
4.075659 1.956713 2.293016
3.944943 2.019932 0.858450
2.966781 0.681129 85.940251
4.015671 2.021797 2.558483
4.157491 1.959444 2.326997
4.057152 2.161146 6.445049
4.046596 2.382276 -0.268825
4.119334 2.422996 -2.077403
4.199618 2.563846 -6.081796
3.955771 2.073710 2.582285
3.731638 2.157429 3.625216
4.078120 3.085356 -15.544887
4.117865 2.319783 0.475837
4.116458 2.163761 0.718083
4.017745 2.051232 1.369251
3.922360 1.940916 2.250158
3.807982 2.687087 -1.755792
3.920752 1.629517 24.885793
4.138012 2.367830 -2.124533
4.229880 2.157820 2.856807
4.198499 1.910023 1.800733
4.092912 1.803545 4.372100
3.945780 2.156434 1.867036
3.836013 2.737495 -3.837331
3.997882 2.118364 1.250329
4.098619 2.255652 1.248686
3.942622 2.203092 0.754549
3.874189 1.728401 5.676416
4.083729 1.947679 0.505699
4.058297 1.936681 1.733043
3.331830 1.255285 55.241596
4.322757 1.717059 2.757605
3.902622 2.091888 2.124511
3.651415 1.791310 29.663131
1.400985 -2.594722 209.354994
4.056518 2.114036 4.433131
4.392574 1.809932 -1.093590
3.084812 0.871894 78.600274
4.127560 2.241143 -3.574510
3.705624 2.323259 10.657349
4.187375 1.893161 0.617928
3.968065 1.705642 5.431719
3.942432 2.064794 1.344884
4.137078 2.065124 0.741971
3.620762 1.836547 28.922929
4.022219 2.329276 1.214685
3.972203 1.972657 6.034457
4.485524 2.494756 -6.682990
3.683994 1.783445 27.861986
4.105136 2.079696 1.617894
4.290123 1.878314 1.138977
4.150734 2.215401 0.003974
3.985474 2.050728 0.957872
4.010990 2.154838 3.856737
4.162081 2.269256 -2.776948
4.174444 2.380651 -3.351370
3.970348 2.108106 1.535286
4.032046 2.009566 3.268916
3.919203 2.355257 4.079473
4.196997 1.977299 2.045182
4.025649 2.291675 1.907886
4.220878 2.203022 -1.730626
3.822867 2.114212 0.674892
3.150511 0.839438 74.927430
3.891077 2.367043 1.313081
4.228439 2.047869 0.671323
4.303147 1.928485 3.321931
4.094294 2.110652 3.224503
3.883382 2.093186 5.209436
4.230684 2.642271 -4.694582
4.130297 1.806120 2.228893
4.107634 1.946038 4.041525
4.088512 2.294104 1.127800
4.130833 2.211090 0.593345
4.205969 2.013816 2.929305
4.141575 2.197121 -1.165176
3.774008 2.267706 13.732694
4.190451 1.891867 2.876769
2.071374 -0.771185 142.297547
4.108305 2.098131 4.586373
4.019761 2.118965 5.561173
4.298194 1.795907 2.758755
4.057828 2.119329 7.757785
4.104596 2.138267 3.635442
3.991368 1.900076 0.371975
4.175484 2.178636 1.040618
4.073182 1.992451 1.830278
3.971210 2.189733 7.129385
5 0 0
4.074225 2.015012 6.937588
4.182539 1.925549 3.207210
3.362044 1.343008 48.655064
4.146499 2.591333 -1.462201
4.297227 1.686749 6.101810
4.236790 2.078827 2.531408
4.123620 2.146858 8.880311
3.823568 1.968042 2.125203
4.076861 2.394427 -0.372692
3.948201 1.926486 3.175367
3.864311 2.215398 -0.536639
4.178861 2.040106 3.183793
4.091486 1.917123 2.845956
3.896046 2.042976 0.538220
4.110271 2.267851 0.108149
3.703533 1.890362 0.561287
4.201024 1.979940 1.008115
3.960499 2.295523 1.244961
3.923817 2.439884 -0.482829
4.074433 1.893975 0.308790
4.093944 2.133709 1.385453
3.922691 2.399086 0.712870
3.894329 1.915174 3.282630
3.932857 2.037986 1.777250
4.114025 2.177846 -0.336246
4.031573 2.182282 0.558150
4.164988 1.996960 5.966431
4.170225 2.175305 -3.483465
4.004111 1.820946 2.544347
4.017301 1.982015 4.070668
4.140094 1.941919 0.569805
3.824552 2.143253 12.582569
4.040184 2.160865 3.967844
3.843818 2.298281 5.202580
3.900357 1.836994 4.206766
4.121526 1.946192 1.488559
4.200742 1.910524 0.495430
30930780258263465984.000000 17125988976396345344.000000 -1318640021901227851776.000000
4.099884 1.845685 13.264375
4.042799 1.872666 3.100930
3.289664 1.121922 61.085734
3.986227 2.141501 1.635012
4.028703 2.065977 3.077566
3.842029 1.654089 5.017795
4.168998 2.236758 3.635076
3.994188 2.149575 -0.612085
3.732679 2.456325 -0.753403
4.277413 1.742134 2.913455
4.201642 2.176258 2.154641
4.106495 1.698754 1.108390
4.102447 1.699225 5.012531
4.058225 1.814076 1.110862
3.975900 2.400068 0.559013
4.061287 2.182520 1.715111
3.874909 2.104572 2.299927
4.077641 2.091146 3.457103
4.081089 2.116240 3.305666
4.076721 1.964881 1.848431
4.391980 1.826968 3.708037
3.895344 2.207481 2.573212
4.160155 2.305980 -1.026587
3.953562 2.015175 1.090997
3.862772 1.948768 2.544960
3.950321 2.102787 2.397228
4.014385 3.712636 -17.757748
4.076300 2.033007 3.053812
3.990475 2.665716 -5.945974
4.321023 2.022391 -0.723432
3.732780 2.588127 -3.134514
4.253939 2.158095 -1.679581
4.354951 2.271714 -6.103051
4.004631 2.004522 3.213564
4.281249 1.863868 -0.621985
3.979329 2.367530 0.429449
4.179654 2.324586 -0.097151
4.224495 1.769682 2.192555
4.097667 2.065046 0.920670
3.992381 2.690510 -7.823724
3.944809 2.009567 3.051008
4.132329 2.156887 0.125658
3.885539 2.006872 3.999513
3.876972 2.162334 1.634105
3.918144 2.178514 2.865684
4.136979 1.946219 -2.196721
4.362535 2.295467 -0.052428
4.174246 2.145228 2.904560
4.009744 2.129589 3.350989
3.763123 2.475424 0.192676
4.096997 2.192563 3.968407
4.219547 2.452247 -5.943163
3.631915 2.259581 0.579969
4.118399 2.073926 3.301231
3.892336 1.960780 2.310757
4.250602 1.979004 0.903594
4.063341 2.141324 0.598404
4.006890 1.840507 17.878484
4.322895 1.973763 2.338174
4.043430 2.454817 -1.709391
4.148241 1.815353 3.214772
4.052020 2.177450 1.563162
4.410947 2.321812 -1.096517
3.858664 1.814329 2.757062
4.061744 2.396256 0.022127
3.934669 2.302869 4.412810
3.939502 2.088607 4.542916
3.658785 2.052251 2.770628
3.899776 1.845708 5.316207
4.188228 2.014199 2.569414
3.942306 2.019932 2.753893
3.987533 1.987021 1.462287
3.888620 2.556537 -6.198198
4.068685 1.911010 2.665995
4.165032 2.040199 0.292846
0 0 0
3.920773 2.125435 2.343732
4.028074 1.557246 3.558651
4.004693 2.846145 -6.768087
4.029735 1.988512 1.845376
4.177247 1.934615 2.260349
3.969266 1.997568 2.606237
4.062884 2.214032 4.174310
4.222664 2.019719 2.413218
3.981234 2.393738 1.942840
4.100548 2.106881 1.057642
4.043918 1.982070 0.877607
3.989991 2.405868 4.851431
3.848472 2.110805 2.290611
0 0 0
4.158837 2.228992 -1.280338
3.154487 0.685346 77.032383
4.386213 2.229091 -5.864767
4.356706 2.049742 -0.974689
0 0 0
4.175003 2.019333 3.286141
4.190009 1.866283 1.956994
3.941386 2.323003 0.179912
4.053157 1.875041 0.082070
4.279190 1.698933 2.671259
0 0 0
3.941885 1.972546 1.293379
4.149409 1.917914 2.082187
3.999275 2.031840 0.242166
4.039065 1.717557 23.234348
4.233157 1.897364 2.817905
4.105276 2.123306 11.662865
3.896398 2.446157 0.977773
3.966417 2.477389 -0.947825
4.288207 1.985233 2.809612
4.060693 2.029555 7.462294
4.144372 2.103518 3.357955
3.803478 1.984704 3.750594
4.264310 2.764716 -9.221699
3.867576 2.143127 1.964385
4.175282 2.030183 1.768120
4.193498 2.582162 -8.632090
3.889655 2.174795 2.991510
4.170665 2.159072 1.648341
3.983143 2.041660 1.399067
3.893903 2.126495 3.050119
4.014803 2.076886 2.518270
4.093336 2.206562 -0.858052
4.089492 1.921415 4.843553
4.108457 2.898073 -14.183509
3.996090 2.019275 0.785191
4.139522 1.683297 3.252704
3.910581 2.680135 -8.269288
4.062610 2.343480 -2.803108
4.082973 1.928455 1.732684
4.111543 2.022306 1.451810
4.580195 2.586275 -16.736281
4.232176 2.053047 1.053958
3.926338 2.602325 -0.649885
4.410073 1.705043 0.185111
3.965880 2.040847 5.080307
4.213696 1.987169 -0.681610
4.331027 1.902582 1.017488
3.964430 2.153848 0.773574
3.884749 2.360595 4.245314
4.490031 1.888364 1.700243
3.945909 2.259401 3.771002
4.036628 2.403531 -2.837536
4.351982 2.210727 -3.875071
4.102554 2.252597 1.165289
4.110156 2.235461 1.781523
4.092186 1.934634 2.152462
4.285892 1.992132 3.168436
4.361158 2.241683 -9.557170
4.009604 1.774316 4.375487
3.701801 2.260575 3.488380
4.066540 2.135213 1.807584
4.004462 2.110624 1.381935
4.222607 2.347760 -5.661447
3.880636 2.336528 -0.321534
3.992158 2.192461 4.178916
4.236465 1.540878 1.819118
4.039705 2.536250 -0.637183
4.097396 1.830868 3.135676
4.093272 2.134943 1.273699
3.867560 1.912115 3.173815
4.055519 1.987088 -1.275659
4.017420 2.029950 2.655202
3.892678 1.765495 22.392564
4.356937 1.971020 0.590339
4.110729 2.181478 1.061477
3.835485 1.847218 18.625848
3.954879 1.951736 2.774137
4.314334 1.753334 2.000566
4.037342 2.205542 -0.569343
4.304537 2.005948 1.524094
3.821735 2.208906 2.971877
3.812703 1.932213 2.606309
3.935765 2.177201 0.252649
4.122429 2.012189 1.181696
4.042233 2.054687 2.231741
3.985839 2.085409 0.979348
4.181867 1.994974 4.542459
4.200474 1.754404 2.428440
4.169283 2.211547 5.954932
4.200321 2.467997 -7.037318
-263153032735978415980544.000000 -337171292316084111147008.000000 32892349135464801671053312.000000
3.916957 2.295161 3.543594
-420218751461831999488.000000 -119383715620395778048.000000 4235318533968562749440.000000
3.930316 1.861301 4.129534
4.002197 2.062831 5.578577
3.873322 2.632603 -3.106615
4.012086 2.156272 0.994803
3.849347 2.362110 0.752335
3.999796 2.044899 1.714578
4.391471 2.608910 -10.798740
3.677335 2.005091 2.849700
3.980927 2.109684 4.507526
4.110221 2.116316 1.474350
378834527739833875431424.000000 -2510438856893407931924480.000000 13235364482968653473513472.000000
3.962597 1.813898 3.377300
4.078047 2.013271 1.802467
4.100925 2.134075 3.986975
4.009871 1.960123 3.274008
4.024349 2.034306 0.530133
3.924796 2.326211 3.641367
3.941754 2.244326 0.839139
3.430656 0.885316 52.791477
3.887849 2.241900 0.389791
4.044531 2.196764 10.455633
4.210727 1.921690 2.684928
4.174641 2.441697 -1.457652
4.236777 2.085273 -0.500118
4.292204 3.300738 -18.833409
4.369016 2.414047 -8.937792
3.498634 2.026734 36.783024
4.280424 2.352116 -3.262510
4.235107 1.716202 0.038995
3.399803 1.190003 54.105945
4.366749 1.891263 0.808553
4.062175 2.101938 1.796941
3.711109 1.428071 32.969870
4.231871 2.169914 -2.805588
4.052644 2.088636 2.320685
3.971246 2.611723 -2.300349
4.250540 1.914274 2.275170
3.527692 1.629549 37.287017
4.014821 2.196027 7.625644
4.443728 3.078322 -21.286581
3.964604 2.132297 6.941877
4.012043 1.933170 0.731274
3.928148 1.876204 4.138734
3.874758 2.078327 2.948781
4.045336 2.009232 1.099325
4.042654 1.983967 16.294054
3.692309 2.241673 2.845723
3.813164 2.435688 1.210471
4.251194 1.724472 -0.673479
4.147338 1.968685 1.284188
3.859177 2.298120 2.856250
3.783285 1.871807 25.638333
4.151435 2.318065 -0.097713
4.169124 1.855187 -0.254576
4.202034 2.328188 -2.050368
3.954170 2.181675 11.745165
4.112350 1.785380 2.903113
4.047042 1.895426 2.917270
4.060441 1.981942 1.408431
4.111699 1.918607 2.456784
3.412889 1.409346 49.828949
4.225961 1.976484 -0.050600
4.172311 1.947531 -0.036229
4.148235 2.122034 4.740471
4.311134 1.967807 -2.902690
4.162674 2.041144 1.586910
3.796320 2.057241 3.069546
3.348308 1.374552 47.448186
4.005182 2.142356 1.205028
3.677747 1.993541 21.758140
4.030961 2.444369 -0.453972
3.154169 0.747350 72.183872
4.053786 2.066676 4.961027
4.047244 2.166356 0.940516
4.063737 2.075203 0.714805
0.555530 -5.291476 293.718535
4.046693 2.191481 4.502940
3.981222 2.080123 2.467827
3.976778 2.497279 -11.861817
4.134623 1.876776 1.270859
4.042449 2.308646 0.072042
3.776620 2.107833 3.352051
3.908045 1.971350 0.998653
3.917042 2.234218 2.383427
4.176738 2.852320 -8.759318
4.284894 2.214668 -4.217623
4.206978 1.991266 2.276232
4.077513 1.687677 2.581010
4.274890 2.343778 -6.974759
4.116067 2.006107 1.827991
3.884845 1.921992 4.029285
2.969383 0.270475 91.565617
4.184308 2.187882 -0.468257
3.817938 2.064926 6.141304
4.442057 1.968142 -4.114924
4.328594 1.828530 1.523298
3.919992 2.182333 13.659873
3.978136 2.366140 2.408285
3.901166 2.424648 -1.420796
4.233469 1.993501 1.140892
4.127003 2.327718 -1.242982
2.676279 -0.075437 110.145310
4.016482 1.984114 4.945643
3.821878 1.993090 1.733635
4.256175 2.380545 -5.625788
3.956721 2.241336 3.014921
4.225890 2.320024 0.203785
3.663554 1.788276 22.792033
4.146695 2.087157 1.198520
4.121913 2.058059 1.328948
3.896499 2.345979 6.236986
4.131637 2.000640 2.445921
3.950628 1.950804 -0.037643
4.309919 2.079435 -1.254687
3.851091 1.956323 12.704957
4.192774 2.053223 0.944468
4.010031 2.146842 2.640027
4.291305 1.835394 2.214399
4.357025 2.265375 -2.066465
4.284405 2.453207 -7.468041
-34249423227508700.000000 980165480474830976.000000 -1109011215413363712.000000
3.918757 2.325605 0.222421
4.314215 1.971343 -1.097139
3.900026 1.870260 5.010406
4.117554 1.994528 1.030459
4.152182 1.975658 2.537568
4.092911 1.944118 1.707778
4.208708 2.776118 -5.007918
2.667021 -0.338777 116.246444
4.245030 2.510815 -3.918624
0 0 0
4.157099 2.109718 0.965764
4.123494 2.644050 -4.133901
4.075831 1.852314 14.217933
4.186835 1.984698 2.652400
3.939210 2.042822 1.010209
0 0 0
4.152857 2.083779 1.237789
3.807104 2.571687 -0.332363
4.011736 2.312809 4.453264
3.945913 2.132240 0.581679
3.943844 2.056960 5.616464
4.062365 2.277372 7.855980
4.026299 1.868066 12.878947
4.159514 2.178149 0.671611
4.060568 2.198689 -0.613345
4.252392 3.446453 -19.425391
4.040889 2.586701 -7.229444
3.839845 2.111575 3.699329
4.273426 2.430639 -0.721179
3.975879 2.192635 -2.885807
4.359133 2.104631 -0.612075
4.166583 2.001082 0.735702
4.118306 2.650245 -4.970323
4.094221 2.119207 2.032125
4.224816 1.789761 3.617624
4.144031 2.159142 0.900119
4.103940 2.057560 1.827368
3.870177 2.212997 1.432625
4.476170 2.631570 -6.281168
4.128052 2.032171 2.923092
3.930193 1.961864 3.469668
4.266673 2.154820 2.913851
4.223153 1.730654 3.672912
3.590093 1.404701 43.786144
4.214740 1.863730 3.484946
3.660611 2.206958 2.675796
4.009031 2.163739 3.921806
3.606295 2.385053 5.103442
4.059367 1.756554 2.977551
4.024311 2.360714 0.824632
4.526716 2.841514 -12.664084
3.832419 2.061238 2.317751
4.025839 2.246696 -0.150353
4.030867 2.020286 1.491490
4.021014 2.489936 -1.360840
4.126721 2.044658 1.122811
3.687585 2.054597 0.761922
4.079605 2.492019 1.976848
4.021421 2.108126 3.539350
3.750774 1.213368 41.695794
4.312189 1.966690 -0.747779
4.425258 1.685990 2.019446
3.948071 2.058437 3.067936
3.962973 2.125407 -3.690382
4.093767 2.067869 1.922691
4.213299 2.547216 -4.232323
4.153290 2.231174 -1.010805
3.903610 2.121213 7.419018
4.238637 2.036871 1.551397
3.778732 2.250266 16.452002
4.543674 1.826193 2.332482
4.212580 1.854277 3.806061
4.326892 2.043013 1.168619
4.135137 1.944195 1.999332
2.900806 -0.160838 98.683165
4.002372 2.203749 3.562340
3.907579 2.057776 3.054690
4.057300 2.029851 6.801059
4.159779 2.631757 -10.100604
4.302413 1.680209 1.874774
3.908453 2.053683 4.890485
3.981251 2.246533 2.718145
-278676295295236308992.000000 -67193449473164156928.000000 2899104022776500453376.000000
3.948900 2.073246 1.046229
3.797054 2.402874 9.725984
4.075815 1.940330 2.860005
3.958504 2.394676 0.895000
4.136913 2.127236 0.776450
3.863974 2.422880 3.124132
4.279625 2.019781 -2.367924
4.030017 2.271856 -0.358815
4.255507 2.087254 7.009210
3.929219 2.201817 1.953956
3.560412 1.602250 28.630438
3.907273 2.589535 -2.033703
-498812465608362974773248.000000 -398897415021064332771328.000000 22995966639881172457357312.000000
4.365634 2.077403 0.575805
4.113012 2.053956 1.824806
4.051287 2.218867 0.884374
4.209691 2.498174 -1.537990
3.994640 2.321213 7.982702
4.155735 2.272770 0.709613
4.037067 2.111854 6.534233
4.102932 2.421768 -1.268136
4.054748 2.058257 2.004076
4.150242 2.239098 -3.497543
4.072637 1.883809 1.899807
4.081619 2.232793 0.456725
4.297477 1.963762 -1.762259
4.249474 2.169401 0.802623
4.031778 2.189922 0.398279
4.012581 2.114798 2.156311
4.011769 2.270000 1.949719
4.002401 2.035812 2.884801
4.277401 2.625015 -12.374429
4.281851 1.948956 3.651376
4.175765 1.812041 4.544061
