4.064324 2.089999 4.243433
4.192169 2.492599 -9.401433
4.318738 2.297190 -2.484430
4.144213 1.928328 0.125071
3.537173 1.624754 41.982505
4.262440 2.102739 0.267793
3.905152 2.313600 -0.079717
4.145846 2.227788 -2.686234
4.010695 2.264621 0.601084
4.328845 2.531963 -4.995937
3.613343 1.884505 30.146343
4.090884 1.997383 2.136482
4.102963 2.188184 0.945251
3.873525 2.045636 2.501121
4.132882 2.332793 1.114578
4.022775 2.160857 1.570147
4.028575 2.256016 0.443696
4.021774 2.295462 1.522862
3.980747 1.951254 2.974434
3.987852 2.004590 4.552594
4.129595 2.065514 3.057510
4.037769 2.200941 1.370188
4.137624 1.961829 1.419654
4.154628 2.011914 1.131319
4.217118 2.645041 -4.773202
3.829649 2.241260 2.204318
4.065615 2.267463 1.006091
4.040322 2.696434 -7.618393
4.031292 2.109486 1.336380
4.169867 1.942266 1.674686
4.390362 2.307057 -3.924889
4.022936 2.247522 0.369277
4.043061 2.153732 1.999712
4.179191 1.928278 1.011194
4.318063 2.138696 3.642229
4.300209 2.443256 -4.823160
3.982964 2.037928 -0.052034
4.086874 2.045651 2.960609
3.878532 2.039744 10.117629
3.953059 2.103226 2.220158
-223410432000000000000000.000000 -348094848000000000000000.000000 29671385600000000000000000.000000
3.989840 1.991058 10.086263
4.148525 1.964566 2.135050
4.120483 1.965660 2.580935
4.214598 2.197646 -1.001353
4.342420 2.377152 -6.069035
4.340686 2.191568 -0.908990
4.156932 1.846649 4.133569
4.110032 1.950524 1.236610
4.082264 2.102509 1.785970
4.104301 2.063104 1.594425
4.058732 2.192188 1.032328
4.179924 2.143694 -0.431087
4.277435 2.009893 1.086503
3.812077 2.370007 2.500589
4.320105 2.576225 -5.337912
3.841931 2.219963 10.022435
3.794618 2.206396 2.675901
0 0 0
4.089155 2.201367 1.549235
4.096620 1.946026 1.985807
4.218791 1.953101 1.820054
3.174302 0.855148 70.848182
42531811840000000000.000000 -4294967295000000000.000000 -429496729500000000000.000000
3.992919 2.017137 2.859906
3.678082 1.261418 41.019062
4.237139 2.617589 -6.327432
4.127023 1.886904 4.068244
4.407822 2.529371 -5.318652
0 0 0
3.870922 1.749835 23.214609
3.969891 1.928228 9.227328
3.972905 2.172023 3.146308
3.901744 2.147077 3.124609
4.322328 2.646228 -6.584897
4.194807 1.896337 2.113797
4.092914 1.929078 0.700383
4.158541 2.232829 6.421850
4.050917 2.160023 2.292543
4.220113 2.233955 -3.264465
4.174230 1.860751 1.196148
4.278584 2.418478 -0.081184
4.096738 2.184121 -5.784421
4.063709 1.880761 1.833973
4.192074 1.870239 2.489981
4.170419 1.942083 1.307827
4.147596 2.929746 -7.803486
3.828921 2.171789 10.568883
4.144493 1.908560 3.658211
4.111283 1.673129 4.013875
4.216119 1.940393 2.033719
4.243566 2.190825 1.134370
4.292464 1.758828 3.441713
3.978863 1.989401 1.826257
4.147394 2.227575 3.152522
4.077011 2.288238 -4.664946
3.953500 2.037966 3.009662
4.015284 2.096378 1.919877
3.907827 1.947513 1.405780
3.968222 2.075265 6.180014
4.017635 1.987034 7.792559
3.589708 1.632435 38.200096
4.329096 1.945212 1.403273
4.018268 2.319875 -0.576902
4.156181 1.931959 1.798562
4.029705 2.230218 4.178256
4.163069 2.172382 0.638046
4.051020 2.072677 -4.191044
3.152724 0.819174 71.881629
4.213030 2.204662 0.463525
4.166068 1.952056 4.876516
4.181474 1.966248 2.707941
3.923790 2.036376 1.011327
4.073588 2.009448 0.469280
4.128263 2.086344 1.126265
4.186370 2.011860 4.032794
4.044732 2.708466 -6.183032
4.065205 1.755202 3.008377
3.849187 1.899433 25.603355
4.083947 2.081412 0.809036
4.033631 1.881220 4.348868
3.741044 2.081771 3.040617
4.213322 2.112250 2.648176
4.015422 2.145712 3.244229
4.247092 2.235437 -1.196287
4.042604 2.238691 4.114858
4.019725 2.310325 1.842545
4.275748 1.995933 1.807541
4.121969 2.103607 0.387549
4.076361 2.170820 4.863941
4.080073 2.215868 1.232428
4.088694 2.201232 -0.464475
4.208301 2.087029 1.851788
4.416878 2.221411 -9.396141
4.178055 2.182029 1.809543
4.149267 1.834561 3.224482
3.884656 2.284299 2.521242
3.929795 2.393001 0.722389
3.823021 2.279005 2.272124
4.284756 2.044076 5.109626
4.405532 2.364000 -3.900049
3.891956 2.004897 3.850247
3.907623 2.199496 2.794152
4.119839 2.053486 2.139298
4.460230 2.048597 0.453061
4.207386 1.820051 2.089864
4.031385 2.188373 2.026247
4.213830 2.263237 -1.075186
4.193655 2.244595 -2.141418
3.946178 2.184157 1.973685
-2042070528000000000000000.000000 -10991004160000000000000.000000 11534494720000000000000000.000000
3.901913 2.151117 1.668975
4.176472 2.463224 -2.863315
4.110630 1.925849 2.036739
4.114261 2.208885 -0.380220
4.257078 2.325482 -0.604231
4.128728 3.145214 -8.778031
4.359963 2.862918 -15.299724
3.540620 1.316050 46.262928
4.035615 3.003137 -6.854865
4.569886 3.417261 -25.250700
3.992406 2.640236 -9.073558
3.699962 1.454640 34.179096
4.043605 1.895441 2.419871
4.120093 2.118977 2.126608
4.228920 1.988026 2.109786
4.011352 3.141987 -9.025231
3.947151 2.142344 6.045597
429496729500000000.000000 1771899776000000000.000000 -42949672950000000000.000000
4.126057 2.526350 -3.238689
3.852005 2.373732 0.324491
4.279127 2.002980 0.955399
4.206319 2.023732 -1.203600
4.071862 2.611823 -10.336353
4.140998 2.094132 -0.414244
4.133238 1.939997 2.081562
4.192702 2.495876 3.130857
4.072761 2.688710 -4.520832
4.268901 1.975093 -0.770807
4.011440 2.114963 2.413381
3.307143 1.325876 57.851860
4.629773 2.351002 -3.394760
4.136065 1.685623 3.493089
4.175024 1.706627 3.600616
4.294319 2.389019 -5.283530
4.200390 2.244789 -1.605412
3.742964 2.242761 -1.002942
4.164527 2.304132 2.903942
30468817920000000000.000000 41779911680000000000.000000 -1734492160000000000000.000000
3.862662 2.002941 11.383091
4.314470 1.896016 -1.088498
3.967845 2.148525 1.934790
3.877334 2.338516 0.118387
3.841203 2.357648 10.830054
4.342484 1.982129 1.924034
3.792525 2.253555 4.645428
4.285748 2.328419 -2.876504
4.096596 2.017441 3.203648
4.409401 1.988601 -0.181659
3.718342 1.853895 30.495809
3.896436 2.008387 5.797482
4.028247 2.175223 4.588515
3.807259 2.312123 0.320042
4.159553 2.063283 -0.861275
3.832532 1.989115 16.594444
4.424557 2.096744 -1.111051
3.984245 2.108133 2.079293
4.105324 2.178030 2.941764
3.919566 2.179004 1.691596
4.248940 2.305782 1.457126
4.116660 1.890603 1.705070
3.774156 2.505036 0.574759
4.386750 1.932495 3.242872
4.284261 1.774317 9.700045
4.005113 2.215483 0.681453
3.966665 2.008855 3.624062
3.998852 2.243207 1.756180
3.586157 1.478018 39.281810
4.268260 1.925336 0.954200
3.846612 2.214334 4.855592
4.205360 1.989440 2.155092
4.154367 2.147421 2.173651
3.951447 2.321604 -0.089613
3.922473 2.017286 0.987643
4.155437 1.945895 2.403851
4.114686 2.160266 -0.419205
3.923608 2.048815 11.151027
3.878902 2.269393 1.914964
4.205198 2.768459 -7.697651
4.275927 2.255639 1.086851
3.831574 2.063873 2.824166
3.754901 2.423042 0.768254
4.320355 2.004956 3.597376
4.308143 1.629413 3.739798
3.979050 1.893852 13.579738
4.305462 1.826738 0.718542
3.952497 1.872299 17.099521
4.074803 2.158399 0.986856
4.046095 2.081557 6.497537
4.082977 1.839911 3.221860
4.338042 2.053341 1.166618
4.024205 2.023992 4.136590
4.318094 1.891016 -0.150956
4.025050 2.429184 -0.941496
4.024731 1.921389 0.407825
3.976747 2.210131 4.579853
3.995574 2.215668 3.626711
4.407510 1.870203 -1.351063
4.128993 2.786630 -5.620920
3.901939 2.172430 3.507411
4.042510 2.195634 1.638160
4.000992 1.952860 4.121173
4.008442 2.099087 14.205976
4.149094 1.965641 2.276994
3.870328 2.385165 0.257676
4.066324 2.042169 2.584589
4.043567 2.169740 2.563823
3.946243 2.015026 4.145165
4.090420 2.037869 0.559940
4.250537 2.020653 2.206521
4.192286 2.024330 2.742318
4.024998 2.017605 3.090443
3.844896 2.158150 6.532943
4.211913 2.107812 2.079135
4.176374 1.796815 2.358755
4.090847 2.241697 1.589371
4.066280 1.968857 3.532063
4.055633 2.172513 2.321556
3.950324 2.562356 -1.472923
3.899514 2.240711 1.688718
4.000328 2.119161 1.100328
4.119688 2.111932 4.388025
4.065140 2.446907 -2.619816
3.964927 2.086493 1.554956
4.301588 2.251292 -0.768389
4.175775 2.196516 1.602617
3.974110 2.243501 6.986130
4.019773 2.056724 2.658963
4.197636 2.332727 -2.795302
3.907588 2.209365 2.428687
3.720474 2.734387 -2.355181
3.994822 2.130214 1.890459
3.988938 2.057512 3.093050
0 0 0
3.994567 2.342076 0.342449
4.009335 2.021655 1.054577
4.182163 2.008110 0.747249
4.351377 2.439674 -6.425370
3.770665 2.193387 3.573577
0 0 0
4.313471 2.003322 2.536023
4.063278 2.122750 1.384268
3.959039 2.223947 2.834618
3.955740 2.067270 3.681215
3.945815 2.067999 9.085394
4.285168 2.031652 2.932157
4.094474 2.628502 -7.709239
4.130274 2.219977 -0.085102
3.854328 2.286666 4.174506
4.041559 2.078782 0.283071
3.956597 2.184868 3.326074
4.010148 2.058779 3.120242
4.089388 2.260793 0.418607
4.001680 2.360354 2.359290
3.383913 1.056459 58.095047
4.264586 2.147246 -2.158442
4.197102 1.948518 1.482844
3.953147 2.035418 3.282216
4.273874 2.196325 -0.639157
3.653380 2.352303 7.819452
4.162349 2.041466 2.503335
4.066658 2.018158 1.521616
4.075588 2.184723 1.090294
3.977176 2.270395 3.613798
4.451161 2.584895 -11.006844
4.357374 2.022399 3.093155
3.856516 2.221285 1.180121
3.915849 2.248249 1.008482
4.166792 1.977250 0.448734
4.039613 2.348624 2.110446
4.103761 2.034098 3.531488
4.124703 2.247373 -0.865351
4.102130 2.393533 -0.127080
3.841339 2.172925 1.517559
3.981048 2.113834 3.563251
4.015680 2.131862 3.730694
4.205493 2.405316 -6.060676
4.061799 1.967053 2.936023
4.246168 2.032062 1.653324
4.194800 2.338552 -0.507984
3.899058 3.091237 -9.015131
3.345882 0.737757 64.201202
3.876717 2.245874 9.632207
4.092577 2.096454 1.260242
4.014962 2.691417 -9.494122
4.020374 2.039344 2.905896
4.150463 1.998425 2.150365
4.064727 2.099130 2.083819
3.576401 1.927076 28.429594
3.997063 2.803302 -4.195427
4.514489 2.299931 -4.401410
4.026608 2.067109 1.205475
4.155946 2.329698 -0.202730
4.277291 1.968383 2.010141
4.105903 2.185417 1.953927
3.872734 2.206020 1.268171
4.110366 2.328548 2.483025
3.940247 2.111104 4.763940
4.158735 2.259058 0.802686
4.392147 1.992213 1.819024
4.284297 1.826786 4.586639
4.071905 2.157283 0.844059
4.126645 1.874499 1.898867
4.233572 2.269245 0.559154
4.296042 2.378366 3.989083
3.748459 2.244502 3.243332
3.595579 1.963724 18.399963
4.137140 2.177151 -0.477615
4.017546 1.953205 1.783904
4.208765 2.117831 3.713624
4.295325 2.100954 -2.613122
3.962528 2.416085 1.479419
3.928664 2.329982 3.383980
4.040781 2.396175 2.676050
3.776916 2.207128 7.406706
4.212234 2.190412 1.278352
4.193279 2.259293 -2.201716
3.965329 2.000921 1.732618
3.796100 2.107634 19.832080
4.166750 2.209688 0.781786
4.231566 2.122311 0.031171
3.870990 2.120023 16.782224
4.113366 1.823852 0.274419
4.026485 2.082292 1.466336
0 0 0
4.085346 2.014671 9.291867
4.400270 1.758298 2.604078
4.142904 2.389483 -2.414893
3.927873 2.212979 3.367362
4.332283 2.250556 -1.825321
4.180599 1.921193 2.484382
4.174871 2.155674 1.449183
4.042726 1.971822 1.934381
3.990796 2.255290 6.198872
3.900911 2.172890 8.917981
3.448282 1.509442 44.279201
4.155011 3.134614 -15.372762
4.140215 1.969964 4.347488
0 0 0
4.008115 2.027778 19.719781
4.084647 1.916201 4.056757
4.261123 1.904618 1.709443
4.168205 1.854817 -0.212746
0 0 0
4.469067 2.025845 2.892037
4.132944 2.391307 -2.748396
4.303222 1.921335 0.859309
4.034811 2.022562 3.210034
3.958572 2.041930 6.110644
0 0 0
4.099657 1.929558 2.173774
4.003324 2.190818 0.039311
4.006099 2.033568 2.848167
4.191040 1.983509 2.802973
3.937810 2.002416 4.099558
4.147672 2.189562 3.394372
3.903789 2.132187 2.418872
4.312988 2.592584 -10.012595
4.023722 2.000398 2.780806
3.836104 2.150173 3.417559
4.338696 2.498540 -6.675886
4.007738 2.239295 1.710946
4.316910 2.094268 4.367858
4.124941 2.176244 2.054956
4.254479 1.968629 1.800041
3.854519 2.265249 15.937314
4.267822 2.134440 2.963457
3.920807 2.272820 1.389202
4.009904 2.399174 -2.721608
4.105933 2.674704 -4.119757
4.250841 2.146122 2.530880
4.332971 2.158689 -2.532696
4.153368 1.958696 2.756689
4.028545 2.562093 -0.164981
4.177550 1.844370 1.716688
3.978272 1.950525 3.096591
3.297057 0.961314 62.036964
-428559129600000000000.000000 -120477824000000000000.000000 3650835200000000000000.000000
4.118432 2.132974 1.576440
4.013071 2.098321 2.056291
4.143776 2.061820 3.644653
3.848740 2.070566 2.597684
3.890342 2.199904 3.579159
3.752285 1.921704 26.791065
4.034403 2.011808 2.797847
3.312254 0.767214 67.099861
4.001927 2.084245 3.564904
3.836422 2.586166 -0.731192
4.133254 2.065345 2.645011
4.147043 2.340893 -0.228166
3.845865 1.981210 4.980971
4.075739 1.741075 5.129961
3.944587 2.185355 3.784464
3.953501 2.055793 10.472986
4.299685 2.026683 1.847507
4.039368 2.022906 1.588336
4.059069 2.187790 1.999154
3.672093 2.189372 2.803163
4.047021 1.985477 2.909037
3.826859 2.150823 10.982638
4.080716 2.183094 2.389404
4.170275 1.893998 2.824264
4.107056 2.321408 5.223258
4.049642 2.664140 -3.732755
4.048080 2.081254 1.774900
3.903571 2.095030 3.058027
3.643225 2.613814 1.465240
4.240245 2.166289 -1.487175
4.367405 2.150582 -0.630996
3.736721 1.689007 31.741964
4.296184 1.885924 5.372746
3.908520 2.183701 9.868763
4.135028 2.183738 5.835852
3.994087 2.293448 0.465814
4.091040 2.200240 1.423447
4.285040 2.407092 -4.524055
4.014988 2.299569 2.280905
4.292238 1.941016 0.307450
4.211587 1.901645 1.998042
3.894480 2.321489 4.543178
4.579616 2.016680 -4.934338
4.238458 2.110932 0.523658
4.334033 2.303828 -3.012735
4.287673 2.126786 1.226753
4.166891 1.946730 0.906268
4.343533 1.821506 0.861313
3.964434 2.147904 2.020323
3.993914 2.073775 3.229124
4.197505 2.156182 2.587472
2.983216 0.569252 85.001449
3.874389 2.127290 2.682997
3.897247 2.230223 5.014285
4.101403 2.282323 2.018474
3.948428 2.297111 2.874106
4.011357 2.123181 2.954643
4.261753 2.308201 -1.246850
3.922332 2.365720 0.156943
3.902992 2.148094 1.480409
4.104780 2.071593 2.649263
4.056302 2.148778 0.871899
3.970398 2.172759 1.818754
4.006337 2.050870 1.451867
3.897637 2.191097 9.211355
-22999892480000000000000.000000 -12947792640000000000000.000000 1497825536000000000000000.000000
4.120574 1.999374 2.043012
3.956825 1.975687 4.290524
4.458143 2.808264 -10.935887
4.083905 2.746892 -6.543499
3.996467 2.209190 6.321005
4.073143 2.208701 0.973771
4.124958 2.027374 1.148003
3.988001 2.163933 1.675542
4.053394 2.064926 2.320053
3.963433 2.215473 3.841325
4.238320 2.724509 -7.954714
4.369298 1.855341 1.162987
4.139681 2.352303 -3.688867
2.591469 -0.517984 117.530296
3.857699 2.224212 1.513677
4.055873 1.907705 2.471954
1.975899 -2.835151 225.302169
3.965789 2.248432 1.766903
4.325135 2.160459 -1.778611
3.932885 2.248892 1.105772
3.849807 1.802640 24.901659
4.005370 2.108633 3.003227
3.718055 2.216291 2.718777
4.374818 2.028802 1.374568
4.154537 1.985122 4.668635
4.186264 2.390540 -2.158354
4.077980 2.281816 0.534557
4.132257 1.924609 2.836807
4.048214 2.347778 6.452466
4.113985 2.136215 -0.231610
4.032757 2.156414 -0.359046
4.047558 2.284086 0.790111
4.062434 1.907611 1.399938
4.069702 1.844471 2.154522
4.005674 2.187123 -4.795112
4.444269 1.833178 -0.530081
4.312428 1.947408 1.642550
3.955082 2.301140 8.747977
4.116012 2.448308 -0.388291
4.114550 1.870543 7.913132
3.965968 2.024338 3.641030
3.869860 2.233170 1.551010
3.772078 2.183207 4.660444
4.091793 2.088810 -0.703341
4.121963 2.214509 1.251187
3.661263 2.321859 1.386532
4.040262 2.020143 3.879917
4.137822 2.125090 1.694288
3.970744 1.902060 1.597588
4.129849 2.415208 -1.615904
4.601135 0.979850 31.545057
4.019393 1.932722 1.972240
4.061549 2.127677 0.753377
3.961863 2.083912 2.445395
4.149078 3.115724 -10.906865
4.260956 2.395465 -1.140313
4.224709 2.110611 0.736387
4.010407 2.078818 2.322850
4.045409 2.153497 2.529889
4.452012 1.971084 1.935633
4.175820 2.294049 -0.498191
4.245636 2.517236 -5.798854
3.929509 2.908485 -11.255809
4.303717 2.312730 -3.144014
3.974267 2.515584 -3.240292
4.174800 1.849410 3.272517
3.955733 2.498446 1.489524
3.832796 2.119981 2.973252
4.062442 2.247231 1.338302
4.273463 1.947417 3.043446
4.145000 2.196289 -0.961782
4.040731 2.368565 -1.867177
4.219268 2.102521 2.537830
4.159396 2.035211 1.757169
4.081755 2.308727 -1.930415
4.080238 1.810085 3.956367
4.075052 1.776253 2.773515
4.048330 2.331619 1.662777
4.468754 1.986853 -0.220532
4.009235 1.895075 7.290612
4.351777 1.752065 2.786811
4.119532 2.180000 2.355643
4.111205 1.722077 3.071002
4.275409 2.070126 -1.072455
3.997391 2.513259 -3.292115
4.082196 2.169535 3.007234
4.335921 2.051834 7.000591
3.985737 2.233321 0.972348
4.012584 2.053309 2.355904
4.168161 2.114462 1.263996
4.188906 2.161840 1.305271
4.043158 2.967680 -15.128392
4.342888 2.480582 -5.219422
4.076963 1.955368 4.374773
4.020380 2.063721 2.442512
3.836536 2.533583 1.080003
4.246330 1.712236 20.149999
4.073418 2.102763 0.630251
4.147589 2.107594 2.606920
4.074658 1.947717 3.034316
4.151628 1.965711 0.925019
3.994511 1.998231 2.380235
4.234822 2.784017 -12.402888
4.190701 1.985492 2.764009
3.929895 2.198638 2.193651
3.797285 1.979634 1.738525
4.069355 2.066139 1.888164
4.105679 1.918826 1.509305
4.102300 2.426155 -3.326079
-1762055680000000000.000000 429496729500000000.000000 42949672950000000000.000000
4.155960 2.048905 5.274264
3.729761 2.281415 2.765863
4.048835 2.101528 0.627190
3.838882 2.216195 4.937170
3.898908 2.022424 3.722614
3.956829 2.237896 0.478117
3.993786 2.199313 3.953438
4.185194 1.986890 0.924229
4.134136 2.105634 4.269302
0 0 0
4.041360 2.085212 3.285829
3.934269 1.895097 2.392695
3.587512 1.724653 37.300926
4.043273 2.711596 -8.849473
3.979303 2.130409 1.814726
0 0 0
4.096498 2.067344 2.819429
4.148436 2.140247 2.924274
4.253436 1.908462 1.880894
3.983536 2.319418 1.117833
4.086384 2.586563 -6.532645
4.219870 1.931771 2.750640
4.111638 2.038520 2.030765
4.179357 1.975945 3.110975
4.107218 2.277594 4.591271
3.860134 2.248123 3.600366
4.188042 2.074129 3.102375
3.975912 1.896535 3.717739
4.323875 2.619865 -9.422598
4.105633 2.237798 2.186649
4.084297 2.455004 -4.153682
4.097458 1.784964 1.371149
4.229596 2.023522 1.560011
4.040136 1.955377 2.948367
4.302003 2.210178 -2.694829
4.109751 2.089082 3.145758
4.186659 1.872780 2.590205
4.123475 2.157760 1.453370
4.014273 1.812255 2.995168
4.067994 2.110379 3.283011
4.022403 1.939919 4.930532
3.692847 1.844815 23.163036
3.988781 2.296474 -0.562719
3.996922 2.274948 -1.455119
3.992732 2.337829 0.500413
4.155124 2.184924 2.071242
4.001328 2.156098 2.070656
3.964379 2.146718 -0.209842
4.516273 2.190798 -4.649087
4.016298 2.180903 2.563698
4.078775 1.979157 3.149870
3.704702 2.167048 10.085289
4.088532 2.088188 0.912154
4.264246 2.373428 -5.856515
4.375155 2.193648 -0.861060
4.353091 2.134932 -1.387222
4.120509 2.006906 2.511960
4.231054 1.811009 2.143644
4.048346 2.159445 1.463593
4.224356 2.036212 2.976841
4.128578 2.383172 -0.373299
4.057986 2.134532 2.523245
4.624521 3.250226 -26.171712
4.066393 2.182745 7.281065
4.134982 2.010455 1.285465
3.941675 2.524049 -0.193949
4.227683 1.911784 1.836250
4.350992 2.324977 -3.160481
4.042744 2.125387 1.733447
4.233108 1.934645 1.081585
4.136374 2.135367 1.478074
4.209836 2.124187 1.904659
4.168931 1.962076 1.780148
4.019145 2.194367 4.469087
4.187846 2.204686 -2.555650
4.222342 2.147810 1.228386
3.980241 2.389581 1.519270
4.049583 1.972972 2.240746
3.966898 1.918935 11.341958
4.156275 2.072988 4.159073
3.976429 2.259577 1.009408
3.855426 2.079386 3.047410
4.101190 2.003427 2.054560
4.194041 2.014830 2.698246
3.378199 1.461431 53.009292
3.983393 2.237890 1.811782
3.987511 2.325316 1.528238
4.247386 1.916143 3.746959
3.974007 2.186071 5.366753
3.943381 2.267981 4.294731
4.126601 2.050813 2.560416
4.202529 2.106409 1.549227
4.085085 2.096959 1.584537
3.878226 2.102493 0.601463
4.218573 2.534785 -5.863159
3.435719 1.464993 48.403369
4.304299 2.061975 0.101628
3.935956 1.979200 1.864025
4.206168 1.843854 2.299554
4.004191 2.351131 -2.988271
3.533961 1.670842 36.890697
4.341034 1.962457 -0.160435
3.799621 0.992094 44.117713
4.038960 1.912068 5.319437
3.936865 2.262035 2.665456
3.643822 1.875808 29.669672
3.967867 2.263258 2.781474
4.082958 2.113389 0.045859
4.071546 2.052873 0.147771
3.856622 2.287219 1.028159
3.954847 2.323928 6.995056
3.989555 2.301822 1.483395
4.282821 2.244062 -0.617438
3.988846 2.263219 2.383669
4.427777 2.517011 -5.593788
3.751490 2.103872 15.007323
4.231391 1.700255 4.945379
4.332203 1.870511 2.811913
3.974925 2.156363 1.186952
0 0 0
4.010796 2.359207 -1.013544
4.080289 2.214216 3.018054
4.249431 2.078268 -2.287441
4.027736 2.635991 -4.285128
3.822881 2.149253 4.065903
0 0 0
4.315155 1.847013 1.673370
4.151245 2.471000 -1.804836
4.179203 2.515030 -4.706797
4.118820 1.903100 3.365752
3.773440 2.059461 3.990539
3.735142 1.382333 31.740848
4.060459 2.150125 0.648752
3.630425 2.132892 7.391810
3.969605 2.266450 1.843969
4.140745 1.861138 -0.000738
3.928611 2.153399 4.971537
4.226228 2.063722 0.568037
3.741140 1.932427 13.265816
4.083286 2.268483 1.632987
4.294956 1.981683 0.678913
2.974288 0.995523 82.189933
4.317644 2.887185 -14.120559
3.825713 2.129620 11.945156
4.116609 2.008310 1.301079
3.925595 2.318809 1.928209
4.224822 2.159364 -1.756554
4.067429 2.089732 0.837577
4.383224 1.703042 -0.863036
4.153461 1.866269 0.640457
4.166940 1.908437 3.310683
4.056119 2.160942 -0.101096
3.979019 2.146481 2.119887
4.556938 1.902984 -2.634873
3.953278 2.008363 2.217472
3.977773 2.207145 14.143155
3.214905 1.222474 67.612556
3.801661 2.520754 1.843956
4.130841 1.806683 2.449544
3.966645 2.235746 -0.093849
4.235787 2.220650 -4.358415
3.507285 1.961769 39.900302
4.468667 2.401051 -8.758182
4.004813 2.024140 2.113072
4.234980 1.840960 3.082070
3.886796 2.258701 1.535052
4.167156 2.191151 -0.017963
3.641000 2.427673 15.148024
3.997699 2.168267 2.252945
4.074729 2.896350 -10.015110
4.192791 3.199705 -13.187644
3.588792 1.920772 31.982292
4.012805 2.320475 0.529183
3.600112 2.296484 2.382257
3.637703 1.906623 29.203502
4.058092 2.059440 -0.101781
4.240576 2.201364 -2.617057
4.158359 2.079633 -0.136505
4.078111 1.931332 6.597851
4.330100 2.153180 -3.065277
3.845490 2.168462 1.142055
4.210804 2.542620 -3.598594
4.286052 2.066090 1.402678
4.239391 2.156404 -1.053841
4.112618 2.309193 3.914614
3.238800 1.314531 63.250923
4.000390 2.397776 -0.584110
4.047980 1.855823 3.348859
4.077524 2.304148 -0.453559
4.171099 1.867002 3.172184
3.984562 2.134268 2.524906
3.937133 2.132825 1.512944
4.015681 2.184995 2.518574
3.768595 2.220528 -0.028693
4.226280 2.188193 -0.627621
4.293221 2.020184 0.546638
3.885484 2.616414 0.338868
4.073370 2.032238 1.793806
3.946017 2.250503 0.824673
3.617093 1.220172 47.903209
3.994296 2.100515 3.438649
4.056682 1.983276 2.417735
3.979855 2.366142 1.316478
4.194685 1.924180 2.182747
3.850181 1.955626 6.676711
4.108702 2.004687 3.611162
4.040889 2.126237 3.896756
4.208384 2.220348 1.170803
4.183760 2.008338 0.768717
4.103860 2.369572 1.244273
111255078400000000.000000 333571200000000000.000000 -4294967295000000000.000000
4.399797 2.024798 0.168533
3.750395 2.086665 4.178686
4.027101 2.264240 2.933895
3.870000 2.518555 -0.106207
4.186879 1.952035 2.377729
4.206739 1.830978 3.224929
4.174644 2.087422 2.976658
3.998972 2.243492 5.207726
3.753840 2.440577 4.068617
3.924976 2.408955 -0.034834
3.946184 2.174344 1.201112
4.294583 2.024342 1.756224
4.171999 2.057595 7.531473
-239626803200000000000.000000 -42949672950000000000.000000 1957431680000000000000.000000
4.175715 1.675912 4.220084
4.034472 2.505547 -3.899846
4.000895 2.002600 3.274203
4.044545 2.371389 0.396237
4.044594 2.086994 3.181291
4.232841 2.043914 2.206313
3.972561 2.128180 1.897684
3.834076 2.199641 1.405892
4.009759 2.190071 2.573368
3.913407 2.270991 1.227610
4.216681 2.108947 0.721308
4.311796 1.821949 2.954424
4.133226 1.983854 -0.203082
3.993849 2.170901 1.316812
3.982537 2.096263 1.111847
3.934203 1.940063 5.355830
4.088641 1.947881 1.964509
3.996766 2.273364 2.151392
4.158952 2.340274 0.926262
3.957863 2.191203 1.163285
4.231481 1.735906 4.530970
4.136568 2.996166 -12.075384
4.133507 1.858190 1.794423
3.905304 2.089499 1.851085
3.949178 2.000639 2.507461
3.951478 2.168923 4.440341
4.289273 1.853644 3.051814
3.843726 2.166394 13.350877
4.098123 2.175472 1.569350
4.061243 1.916063 0.697854
4.050673 1.961822 13.464847
3.947346 2.012773 2.792162
4.255598 1.922844 4.630672
3.984840 2.022283 3.657139
3.928967 2.252800 2.056946
4.031187 2.169889 1.940493
3.841523 2.268771 5.175104
3.875294 2.163753 2.097897
4.305789 2.050141 3.140966
3.976149 2.080415 2.679032
4.008742 2.195553 1.752314
3.944281 2.208445 1.492812
3.886131 1.958356 0.116775
3.967079 2.139682 1.663847
3.862040 2.285617 0.456291
4.100644 1.945731 2.354945
4.058631 1.799024 1.834361
4.099936 2.423088 -2.847550
4.403504 1.766489 -0.197226
4.209523 2.173321 1.490490
4.175244 2.094229 1.190381
3.971886 1.991407 1.804506
3.846971 2.453656 0.813736
3.969793 2.210421 4.367360
4.113055 1.911218 2.973055
4.102888 2.145171 -1.080533
4.089151 2.168387 -2.354570
4.072098 2.232852 2.704288
4.002162 1.996670 11.066478
4.149685 2.042515 1.952494
4.316465 2.024884 0.899482
4.247603 2.236911 -2.567677
4.244938 1.834228 1.588572
4.064343 1.911854 7.229874
4.080615 1.927859 2.126966
3.930897 2.100472 2.272253
4.130289 2.016512 3.582509
4.554667 2.315706 -7.793068
4.005915 1.995127 1.069065
4.228639 1.973724 -0.123979
4.272878 1.983410 2.369586
3.762396 2.180085 1.419507
4.514165 2.080704 -2.846348
4.034224 2.328842 0.732090
3.670287 1.977519 28.770992
4.272324 1.867659 4.184408
4.110484 2.929057 -4.530408
4.107570 1.956016 2.640890
4.343564 1.872047 -0.472866
4.348442 2.045318 -1.332021
3.822345 2.238097 10.326116
4.239322 1.820244 0.602534
4.091232 2.599532 -0.912243
4.007119 2.100123 1.531060
3.991931 2.391343 -1.898586
4.087196 2.000287 -5.940162
3.976789 2.060759 2.420031
3.399562 0.803612 61.487609
4.265451 2.795127 -7.792077
4.161731 2.245475 1.124820
4.050002 1.834269 3.125268
4.208625 1.852828 1.882590
4.127549 1.905969 2.056569
3.954865 2.457278 -0.486371
4.118279 2.054003 4.344200
4.022966 1.920527 6.191786
4.101864 2.076784 0.865060
4.168548 2.107974 1.537362
4.188554 2.048775 -0.437674
3.897616 2.347894 1.370381
4.149246 2.178357 1.848380
4.053236 2.201684 -0.460970
4.117704 1.939657 1.081085
4.074741 2.150733 2.174526
20256728320000000000000.000000 -327038617600000000000000.000000 2748027648000000000000000.000000
4.149631 1.799918 7.100069
3.720196 1.519580 43.638118
3.886468 2.184186 2.541188
4.048165 2.038494 4.636867
3.855114 2.727458 -3.339898
3.840980 2.244972 13.685356
3.938344 2.256628 0.202460
4.178878 2.121377 1.055156
4.159860 2.150729 0.648053
4.258211 1.763582 3.407705
4.024904 2.116253 1.247733
4.047599 2.065022 2.098718
4.158985 1.988972 5.116384
3.906245 2.200518 5.583430
4.029652 2.236497 2.704001
4.139957 1.858290 3.515564
4.015800 2.446271 -3.046203
3.880929 2.236784 3.639692
4.278930 1.972390 -0.842341
3.929235 2.147112 2.412756
3.976181 1.975501 12.097139
4.038934 1.993636 3.134748
3.889793 2.272805 1.617945
3.983984 2.250798 4.206346
4.145604 2.257838 0.041473
3.938677 1.988692 1.230393
4.296194 2.108348 0.276671
3.688682 1.985168 23.975208
4.141917 1.913711 1.925993
3.986983 2.009989 2.253398
4.175733 2.083898 1.265751
4.105418 2.163095 2.532963
4.247109 2.204132 -1.327198
3.978723 2.681578 -8.181956
4.047243 2.431028 -0.943743
4.040225 2.237781 5.342446
3.963353 2.307952 1.704739
4.243234 2.011800 1.855194
4.141523 1.831927 12.541247
4.162633 2.076401 0.778084
3.588589 1.878304 28.103176
4.091039 2.061967 1.923917
4.261420 1.631735 3.332325
3.996521 1.983035 2.953566
3.778818 2.398510 4.043682
3.933968 2.007623 5.449948
4.001011 2.168091 0.376530
4.404017 1.932640 -0.662148
4.068960 1.882296 3.515704
4.032890 2.041763 3.599276
4.051811 2.079176 1.988174
4.158852 1.905799 1.933800
3.683761 1.911366 3.877212
3.594263 1.639782 35.585235
4.161671 1.862485 2.135683
4.063808 2.152753 1.297964
4.286510 2.107082 -1.179802
4.373149 1.708349 2.889193
4.170673 1.843127 3.367981
4.425304 1.963090 -1.381938
4.070605 1.870500 2.912514
3.817133 2.322934 11.778036
3.856710 2.318741 11.649431
4.332626 2.855896 -15.233749
4.158956 2.418464 0.074611
3.963778 1.887180 2.834377
4.257962 2.416487 -4.743145
4.021437 2.169886 2.087603
4.122987 2.110163 7.661880
4.463777 1.994580 -3.330992
4.071863 2.266101 -0.009366
4.320970 1.894385 -0.111608
4.008218 2.184572 2.473389
4.272879 1.935488 -0.101313
4.145013 2.262402 0.753879
4.027284 2.189943 2.691191
4.181354 2.498488 -5.290402
2.780977 0.131426 107.413764
4.044173 2.083863 2.779753
4.103755 2.491170 -0.598548
3.938284 2.059632 3.788792
3.923668 2.123131 1.698416
3.937265 2.381143 1.978940
4.141129 2.205688 -0.436278
4.041072 1.980342 4.428411
4.468179 2.737651 -23.073755
3.630347 2.218915 21.814182
4.052585 2.045981 1.802940
4.101250 2.186635 4.560345
4.214161 2.675850 -9.010636
3.936911 2.223408 4.799266
3.934315 2.271670 4.085582
4.008344 2.356276 6.642358
3.810111 2.193414 6.201036
3.868913 2.185137 6.655086
3.974668 2.146294 4.143019
4.138464 2.482323 -3.655349
4.488517 2.108073 -0.065229
3.968893 2.230757 0.785951
4.052141 1.849057 2.994871
3.991415 2.129309 2.684966
4.188562 2.246129 -1.789048
3.995940 2.014441 2.791135
4.099216 2.170584 1.364854
4.203255 1.988926 1.104331
4.289063 2.171357 1.257362
3.956707 2.084336 4.498258
3.918194 2.128653 3.553458
3.966907 2.067314 2.819257
4.068614 2.296585 -0.994657
4.114288 2.472973 -1.231576
3.844214 2.179373 2.859460
4.058691 2.323256 -0.770912
3.705584 2.078141 3.264930
4.327256 1.873096 0.845654
4.022692 2.387361 4.471686
4.002521 2.206989 2.279357
4.035425 2.093764 3.356801
4.136441 2.027282 7.949628
0 0 0
3.948770 1.636485 15.122227
4.460979 2.677173 -11.197108
3.928419 2.095797 1.228349
4.248953 2.793056 -6.063909
3.668195 2.136185 13.737948
0 0 0
4.080148 2.448593 -1.747733
3.934661 1.913002 3.027598
3.850843 2.295773 0.451176
3.888703 2.299552 2.136402
3.768276 2.186818 14.380826
4.371234 3.324633 -21.565937
3.893421 2.268683 3.446589
3.874055 2.133287 1.742184
4.202359 1.839843 -0.271126
4.096326 2.367207 -1.332668
4.275628 2.326277 -2.663828
4.497225 2.692083 -16.063632
3.505551 1.905060 38.193965
4.274419 1.731251 6.767376
3.829596 1.960876 13.207563
4.141540 2.083698 0.671436
3.804386 2.616752 -0.480530
3.840248 2.056426 2.575293
4.168465 2.004233 3.891466
4.161487 1.981774 -0.233358
4.439919 2.417798 -9.368375
4.125645 2.213588 6.352677
4.154180 1.946789 1.847006
4.116069 2.152437 1.987595
4.013884 2.281493 0.894104
3.731943 1.917593 29.365169
4.125921 2.060011 -0.754376
4.193113 2.151153 0.263736
4.198334 1.595620 3.867976
4.177683 1.899253 1.630405
3.948229 2.262420 0.801180
4.289140 1.868318 2.487391
4.046005 2.013067 1.060120
4.206128 1.981771 1.745396
4.050821 2.551819 1.066117
4.115338 2.095228 2.532562
4.397165 1.714970 2.123709
4.121857 1.905710 2.714153
4.205119 2.097829 2.839946
3.977239 2.075394 4.201858
4.139598 2.308402 -2.506770
4.398235 2.787248 -7.709640
4.412332 2.289576 -2.338288
4.286391 1.878124 0.555600
4.385334 3.069306 -23.650377
4.060411 2.006689 1.521546
3.854354 2.367139 2.510365
1.439900 -4.452001 260.589080
4.047991 2.081529 3.066771
4.074428 2.326424 -1.929554
3.834141 2.278287 -0.273689
4.155401 1.918224 1.553089
3.939599 1.848761 4.298918
4.019736 2.243885 3.439124
4.074605 2.075634 2.135274
4.237584 2.229760 -4.533096
4.485211 2.480652 -7.203960
4.316809 1.807388 1.250073
4.311141 2.004634 3.976780
4.230016 2.420548 -7.724076
4.004634 2.009170 2.614372
4.113030 2.192814 1.344983
3.707742 2.451283 2.126047
4.008349 2.284823 -2.440436
4.089895 2.230046 -1.555121
4.227307 2.228760 -1.554132
4.165576 2.534623 -3.198929
4.133711 2.399513 -1.779275
4.230502 1.995949 2.113210
4.053212 2.264697 1.840040
4.164138 1.950566 2.792764
3.731143 2.333847 1.128795
4.323089 2.199975 -1.784805
4.050559 2.234594 0.414494
3.715750 2.043655 26.262939
3.991817 2.308440 2.185173
3.838928 1.905759 16.916887
3.992021 2.194169 3.022109
4.417978 2.062563 -0.997598
3.903629 1.820456 13.381090
-4294967295000000000.000000 -216590515200000000000.000000 4294967295000000000000.000000
3.824749 2.220364 4.803977
4.171905 2.055842 2.272098
3.401155 0.532145 69.160293
4.124479 2.131255 0.359328
3.908330 1.771123 1.497416
4.125674 2.227203 -1.747483
4.278356 2.027920 2.224212
3.966445 2.071396 2.052468
3.990919 2.081699 10.987453
4.133624 1.990120 1.365420
4.353657 3.110803 -12.850340
3.850975 2.088277 1.987311
3.343614 1.125933 59.757312
4.487034 2.519926 -6.743752
4.164976 2.064315 1.878633
4.131558 1.907189 -1.550532
4.322915 1.971134 1.405554
4.153753 2.146531 -0.306509
4.372125 2.407376 -3.845939
3.959841 2.409186 0.792508
4.068879 2.095387 1.907868
3.663616 2.216759 20.999992
3.845880 2.055499 1.242196
3.913205 2.043097 7.466623
3.936026 2.263288 3.933682
3.966967 2.103966 3.719076
3.748233 2.076740 21.275970
4.233747 1.856550 0.937974
3.939122 2.166258 1.800485
4.164567 2.008527 1.936760
3.927951 1.858859 2.563243
4.014945 2.002314 2.123825
4.191229 1.847479 1.629845
4.031658 1.948464 0.806998
3.669546 2.294120 16.884622
4.033154 2.327153 -0.038728
4.186147 1.964690 3.383493
4.238330 1.860990 -2.918921
4.168091 2.655912 -6.272044
3.997807 2.478613 -0.864590
3.831894 1.984946 3.160193
3.759480 2.041610 5.592581
4.502166 2.157901 -4.370000
4.090492 2.308966 1.960132
3.980282 2.071982 0.985080
3.900684 2.093388 5.028324
4.186483 2.548958 -9.632043
3.987725 2.038455 4.383569
4.270336 2.008066 1.998135
4.190191 2.180115 -0.810776
4.418202 1.819185 1.544808
-2.735324 -16.211952 676.052612
4.072752 1.870143 2.069902
4.143599 2.334705 -4.710003
4.323820 2.236960 -5.852493
4.315972 2.633487 -5.546361
4.204252 2.073901 2.553822
4.072012 1.849399 2.685467
4.141760 2.135821 -0.826333
3.546533 2.238359 0.664958
4.251228 1.921771 2.439621
4.142095 2.459424 -4.847415
4.053085 2.142747 0.257853
4.153149 2.079146 3.184015
4.401423 1.560648 2.728977
3.987423 2.159402 4.938970
4.156280 2.365416 1.336449
3.867495 2.178500 3.888239
4.125994 2.141910 2.353914
3.579179 2.346447 1.158737
3.923879 2.381735 2.691151
3.988362 1.865974 7.626160
4.044194 2.167753 2.379469
4.130928 2.858119 -13.084581
4.252676 2.013946 5.705760
4.473886 3.562644 -23.719650
1.224462 -3.491914 241.751098
4.142129 2.270430 -0.041986
3.971842 2.157280 14.811882
4.221758 2.148276 -3.200695
3.877101 2.159751 17.277084
4.239616 2.216551 -5.317485
4.109782 2.212774 2.073094
3.930478 2.474000 6.561565
3.821068 2.301016 3.279121
4.082931 2.056351 2.298016
4.213570 1.759018 2.178888
3.966832 2.615986 -2.757528
4.160679 2.473639 -3.604498
3.939226 2.081590 1.628026
4.136402 2.192671 2.473850
4.026432 2.406092 2.024701
3.706990 1.907139 22.685247
4.267934 1.965051 -0.548457
4.397974 2.634035 -8.598763
4.364593 2.161264 -3.767565
4.135782 1.982417 1.183938
3.805300 2.193215 3.864283
4.417265 1.873612 2.040081
4.184666 2.101228 0.109521
4.080271 2.254882 4.319844
4.239372 1.874912 3.812612
3.965161 2.176865 2.705518
4.577524 2.733370 -14.136953
3.894827 2.196737 1.792485
4.079917 2.519218 -4.705502
4.040349 2.361783 5.854234
4.190220 2.089113 -1.081804
3.795219 2.206082 2.319673
4.279434 1.852148 2.665069
3.868078 1.903419 -0.199445
3.969151 2.091671 2.668691
3.956514 1.818847 4.683900
3.951876 2.085835 4.486995
4.001774 2.434222 0.775234
4.158593 2.224901 -0.158669
4.171270 2.148668 -0.772507
3.997709 1.989848 14.767242
4.372956 2.462132 -5.376827
2.779254 -0.025834 102.522506
4.391912 2.326315 -2.096087
3.970232 2.449572 5.063408
3659240192000000000000.000000 149455065600000000000000.000000 -429496729500000000000000.000000
4.271869 2.108635 2.380990
3.907788 2.063869 4.881370
4.346282 1.816460 5.810592
4.310257 2.381797 -1.550105
4.266337 1.756118 1.986020
4.413389 2.151398 -3.225811
4.195562 2.037267 1.570990
3.794233 2.231418 1.882577
3.742686 2.016094 18.395536
3.204027 1.303899 64.174163
4.136917 2.041113 2.002268
4.011003 2.242834 2.786096
4.146842 2.143618 1.217877
4.025650 2.172772 -0.621012
4.260636 1.798442 3.245917
4.140128 2.087019 1.917073
3.650625 1.731221 22.739313
4.095134 2.040810 1.195083
4.099382 2.352332 2.882149
4.486886 1.691619 1.886187
3.978644 2.122424 4.021828
3.292489 1.102516 60.738906
3.918063 1.987165 3.083662
3.805242 2.088677 3.130669
4.165216 2.729551 -10.109742
3.989615 2.288768 8.152782
4.052581 2.640435 -4.227818
4.211151 1.997189 -0.798780
4.070882 2.100098 0.543248
3.666853 2.325455 6.158815
3.553503 2.155814 25.531202
4.246771 2.057296 -1.904587
3.905515 2.033086 3.449600
4.189193 2.360295 -4.981256
4.072696 2.032141 8.060789
3.728066 2.131194 0.068951
3.884564 2.254597 2.488784
3.569413 2.069538 29.688282
4.176759 1.897168 1.258462
3.965175 2.420719 -2.129309
3.997080 2.123634 0.476984
4.228502 1.851954 1.602087
3.576205 1.645555 39.846656
4.105701 1.872957 -0.801346
4.214193 2.856961 -12.446837
4.138641 2.039783 1.328035
3.945934 2.168169 -0.147462
4.280613 2.182173 1.454969
4.178827 1.840281 0.958722
4.241178 1.966171 1.147956
4.115256 2.169214 0.563266
4.261444 2.257534 -3.415682
3.859592 2.013741 2.582629
4.117797 2.138620 -0.229061
4.119409 2.025937 5.074665
3.847203 2.023577 1.239809
4.145010 1.735180 2.117097
4.016771 2.587944 -1.590335
4.122440 1.940325 1.586627
4.129638 2.106951 2.339539
4.130009 2.099072 -2.884895
4.160732 2.228869 0.647463
4.269460 1.986684 2.398317
3.732048 2.313065 0.574983
4.299654 2.381389 -1.514699
4.167172 1.905496 6.384384
4.108779 1.981291 4.089058
4.167178 1.849059 1.791975
4.074242 2.001755 0.983981
4.312154 2.073617 -0.151624
42949672950000000000.000000 191193228800000000000.000000 -4294967295000000000000.000000
3.960965 2.169835 0.124834
4.140931 2.039981 -1.297359
3.925963 2.208313 0.551880
4.129636 2.129791 1.391436
4.183006 1.915883 -0.741508
3.872708 2.244389 -3.223886
4.034453 1.994445 0.840586
3.967621 1.703934 2.659018
3.999971 2.408077 -4.500189
3.977853 1.707767 1.972703
3.123961 0.414870 76.383781
4.075585 1.914508 3.191271
3.471924 1.596271 44.820171
4.083567 2.222913 -1.027004
4.222173 2.202160 -1.352256
3.975612 2.118469 4.339176
4.034786 2.049042 2.981665
4.185397 2.349997 -3.432091
4.242838 2.001217 1.451530
3.915304 2.161948 3.577948
4.081212 2.183975 1.297860
4.001708 2.300412 11.559760
3.981924 2.031448 2.217612
3.649126 2.261141 23.176462
-429496729500000000000000.000000 -101609382400000000000000.000000 4294967295000000000000000.000000
3.886547 2.352287 3.449291
3.918468 2.081768 -2.057579
4.050363 2.035276 5.779668
3.573944 2.233255 1.981458
4.162862 2.511918 -2.703717
2.413121 -0.896532 139.128921
4.203389 2.429183 -5.426092
4.163779 2.277255 -1.122005
4.269508 1.934031 0.906395
4.094059 2.119669 3.432981
3.863177 2.685309 -7.697549
4.131360 1.580244 -0.099341
4.035378 2.191416 3.349529
3.797094 2.332720 5.690519
4.185474 1.884703 4.508970
3.973840 2.228841 2.255666
4.380533 2.187834 -2.649085
429496729500000000.000000 304820275200000000.000000 -25418547200000000000.000000
4.362247 1.298659 6.127689
4.151733 2.291923 -0.826232
3.958941 1.979329 3.260359
4.075757 1.956897 2.286637
3.944796 2.019846 0.868957
2.967508 0.681584 85.891075
4.015750 2.021860 2.551934
4.157435 1.959475 2.330646
4.057296 2.161267 6.435452
4.046544 2.382212 -0.266370
4.119287 2.422978 -2.076250
4.199554 2.563778 -6.080562
3.955738 2.073668 2.585079
3.731690 2.157475 3.620243
4.077939 3.084969 -15.536904
4.117815 2.319775 0.478383
4.116422 2.163779 0.719604
4.017645 2.051199 1.375981
3.922332 1.940946 2.252455
3.807878 2.686666 -1.749547
3.921155 1.629752 24.860437
4.137957 2.367758 -2.122400
4.230693 2.158784 2.809957
4.198540 1.910120 1.796965
4.092878 1.803548 4.374908
3.945727 2.156408 1.871284
3.835909 2.737054 -3.829392
3.997845 2.118383 1.252452
4.098568 2.255655 1.251593
3.942687 2.203240 0.750796
3.874171 1.728396 5.678922
4.083706 1.947729 0.506146
4.058255 1.936740 1.736363
3.332153 1.255512 55.212471
4.322741 1.717057 2.758893
3.902680 2.091963 2.119237
3.651699 1.791466 29.642129
1.402237 -2.593373 209.265533
4.056585 2.114032 4.428032
4.391888 1.809935 -1.070761
3.085224 0.872028 78.566993
4.127537 2.241267 -3.576488
3.705686 2.323206 10.649066
4.187154 1.893264 0.623940
3.968052 1.705633 5.434628
3.942483 2.064926 1.341219
4.137476 2.065708 0.712199
3.620988 1.836595 28.906610
4.022170 2.329179 1.217842
3.972260 1.972762 6.031665
4.485560 2.494921 -6.686818
3.684291 1.783524 27.841474
4.105065 2.079709 1.622384
4.290134 1.878417 1.139318
4.150597 2.215343 0.011631
3.985526 2.050834 0.953807
4.011089 2.154905 3.849716
4.162031 2.269211 -2.775428
4.174402 2.380654 -3.350973
3.970309 2.108106 1.537346
4.032117 2.009595 3.261782
3.919266 2.355306 4.074819
4.197028 1.977398 2.041446
4.025601 2.291603 1.911283
4.220874 2.203161 -1.731873
3.822916 2.114336 0.671290
3.151054 0.839817 74.881378
3.891028 2.366842 1.317606
4.228503 2.047981 0.667224
4.303102 1.928467 3.324080
4.094391 2.110701 3.218002
3.884056 2.094119 5.163207
4.230632 2.642220 -4.693661
4.130263 1.806146 2.232603
4.107648 1.946103 4.039479
4.088450 2.294063 1.131552
4.130793 2.211070 0.595141
4.205915 2.013831 2.932689
4.141322 2.196930 -1.152542
3.774140 2.267611 13.722838
4.190567 1.891963 2.867622
2.072318 -0.770499 142.238876
4.108412 2.098111 4.578310
4.019787 2.119037 5.558988
4.298038 1.795821 2.767834
4.057994 2.119373 7.744912
4.104671 2.138416 3.630809
3.991406 1.900194 0.368667
4.175446 2.178651 1.042341
4.073147 1.992503 1.832739
3.971346 2.189845 7.119558
5 0 0
4.074643 2.015455 6.918711
4.182479 1.925553 3.211010
3.362355 1.343112 48.629631
4.146434 2.591181 -1.459110
4.297398 1.686899 6.087064
4.236664 2.078778 2.537617
4.123823 2.146908 8.868553
3.823538 1.968040 2.127425
4.076810 2.394362 -0.370246
3.948164 1.926496 3.178642
3.864256 2.215409 -0.535222
4.178907 2.040194 3.180425
4.091523 1.917228 2.842983
3.895999 2.043037 0.542189
4.110693 2.268388 0.078578
3.703580 1.890481 0.557845
4.201081 1.980065 1.004518
3.960554 2.295625 1.241238
3.923757 2.439705 -0.478898
4.074165 1.893835 0.325229
4.093901 2.133750 1.387925
3.922775 2.399306 0.707330
3.894285 1.915173 3.286766
3.932924 2.038136 1.772967
4.113794 2.177673 -0.324369
4.031533 2.182322 0.560199
4.165164 1.997036 5.954647
4.170202 2.175393 -3.485742
4.004106 1.821034 2.541282
4.017085 1.981860 4.084296
4.140060 1.941915 0.571203
3.824678 2.143246 12.574314
4.040271 2.160878 3.961432
3.843885 2.298286 5.196686
3.900329 1.836996 4.210029
4.121492 1.946281 1.491053
4.200590 1.910502 0.504791
41810972160000000000.000000 23150128640000000000.000000 -1782481152000000000000.000000
4.100164 1.845818 13.244579
4.042747 1.872670 3.105004
3.290216 1.122216 61.047615
3.986314 2.141685 1.629579
4.028648 2.065964 3.081528
3.842014 1.654089 5.020508
4.169069 2.236839 3.630800
3.994021 2.149449 -0.600812
3.732719 2.456458 -0.754710
4.277503 1.742227 2.903985
4.201506 2.176186 2.161428
4.106515 1.698850 1.103646
4.102424 1.699219 5.015198
4.058273 1.814177 1.107258
3.975846 2.399944 0.562409
4.061352 2.182613 1.710628
3.874945 2.104657 2.295812
4.077570 2.091127 3.461530
4.081043 2.116224 3.308652
4.076762 1.964983 1.844820
4.391946 1.826988 3.710661
3.895392 2.207588 2.569141
4.160125 2.306088 -1.025607
3.953625 2.015270 1.085672
3.862869 1.948944 2.539817
3.950279 2.102762 2.400969
4.014109 3.711449 -17.737426
4.076209 2.032979 3.059399
3.990383 2.665493 -5.942153
4.321086 2.022510 -0.727733
3.732687 2.587774 -3.127717
4.254698 2.159133 -1.736400
4.354967 2.271864 -6.107276
4.004719 2.004684 3.208289
4.280743 1.863580 -0.595091
3.979236 2.367436 0.436178
4.179603 2.324641 -0.094580
4.224287 1.769582 2.204366
4.097542 2.065002 0.928215
3.992275 2.690260 -7.818396
3.944779 2.009554 3.053889
4.132301 2.156950 0.126448
3.885609 2.007013 3.995130
3.877063 2.162516 1.628720
3.918194 2.178637 2.861744
4.136515 1.946101 -2.173263
4.362500 2.295481 -0.051329
4.174310 2.145288 2.899652
4.009800 2.129668 3.346865
3.763062 2.475137 0.198050
4.097095 2.192581 3.961720
4.219514 2.452325 -5.944910
3.631964 2.259723 0.576609
4.118453 2.074027 3.297694
3.892279 1.960773 2.315801
4.250661 1.979143 0.899908
4.063198 2.141228 0.607176
4.007208 1.840688 17.859001
4.322845 1.973813 2.341120
4.043373 2.454761 -1.707494
4.148194 1.815368 3.218341
4.051948 2.177427 1.567785
4.410954 2.321939 -1.096712
3.858641 1.814315 2.759410
4.061687 2.396147 0.025162
3.934740 2.302887 4.407441
3.939528 2.088633 4.539315
3.658754 2.052187 2.773725
3.899756 1.845716 5.318954
4.188182 2.014231 2.572221
3.942267 2.019939 2.757120
3.987596 1.987162 1.458316
3.888525 2.556339 -6.193788
4.068697 1.911097 2.662836
4.165088 2.040321 0.289161
0 0 0
3.920826 2.125569 2.339835
4.028041 1.557200 3.562908
4.004569 2.845840 -6.763573
4.029643 1.988489 1.851665
4.177393 1.934920 2.248131
3.969337 1.997624 2.600262
4.062961 2.214049 4.169016
4.222574 2.019708 2.418159
3.981186 2.393646 1.946445
4.100498 2.106942 1.060745
4.043784 1.982024 0.886397
3.990071 2.405876 4.845842
3.848531 2.110948 2.286527
0 0 0
4.158806 2.229039 -1.279927
3.155198 0.685932 76.980155
4.386168 2.229076 -5.864264
4.356632 2.050123 -0.988723
0 0 0
4.175052 2.019412 3.282710
4.189989 1.866324 1.958009
3.941330 2.322905 0.184263
4.053216 1.875140 0.077436
4.279150 1.698934 2.675666
0 0 0
3.941954 1.972690 1.289285
4.149509 1.917993 2.074976
3.999148 2.031811 0.249707
4.039490 1.717841 23.209032
4.233188 1.897441 2.814325
4.105509 2.123364 11.649633
3.896465 2.446316 0.973829
3.966354 2.477277 -0.944892
4.288114 1.985216 2.814535
4.060871 2.029648 7.450183
4.144476 2.103574 3.350103
3.803459 1.984668 3.753521
4.264219 2.764581 -9.219723
3.867620 2.143215 1.959947
4.175251 2.030197 1.769629
4.193427 2.582115 -8.631501
3.889738 2.174972 2.986192
4.170619 2.159104 1.650868
3.983099 2.041704 1.402426
3.893868 2.126470 3.053258
4.014850 2.076936 2.512301
4.093304 2.206624 -0.857693
4.089523 1.921479 4.842332
4.108313 2.897831 -14.178515
3.996058 2.019277 0.786795
4.139455 1.683288 3.257681
3.910469 2.679886 -8.264286
4.062559 2.343457 -2.802104
4.082922 1.928507 1.736583
4.111513 2.022376 1.453541
4.580193 2.586523 -16.744380
4.231985 2.052963 1.063454
3.926262 2.601986 -0.644007
4.410101 1.705181 0.181863
3.966204 2.041256 5.060893
4.213683 1.987219 -0.681988
4.331075 1.902714 1.014063
3.964392 2.153839 0.775648
3.884812 2.360635 4.240154
4.490157 1.888488 1.692350
3.946111 2.259697 3.757678
4.036569 2.403531 -2.837249
4.352030 2.210970 -3.879547
4.102505 2.252583 1.168022
4.110060 2.235413 1.786990
4.092129 1.934642 2.156877
4.285817 1.992127 3.172388
4.361156 2.241839 -9.562317
4.009724 1.774456 4.363787
3.701791 2.260546 3.491421
4.066497 2.135220 1.810218
4.004354 2.110566 1.387948
4.222560 2.347757 -5.661292
3.880579 2.336400 -0.318015
3.992248 2.192483 4.172611
4.236505 1.540999 1.810954
4.039643 2.536109 -0.633863
4.097367 1.830875 3.137478
4.093236 2.134966 1.275423
3.867571 1.912195 3.170942
4.055477 1.987076 -1.274692
4.017502 2.030017 2.648154
3.893017 1.765735 22.368894
4.356961 1.971150 0.590852
4.110687 2.181454 1.063551
3.835742 1.847379 18.606123
3.954916 1.951833 2.770836
4.314352 1.753379 2.001453
4.037177 2.205409 -0.558865
4.304593 2.006080 1.520537
3.821715 2.208864 2.975208
3.812657 1.932208 2.611083
3.935723 2.177210 0.254399
4.122292 2.012142 1.189755
4.042304 2.054757 2.226467
3.985891 2.085515 0.975199
4.181914 1.995074 4.540262
4.200387 1.754384 2.434613
4.169443 2.211556 5.944360
4.200289 2.468147 -7.040841
-423805030400000000000000.000000 -429496729500000000000000.000000 42949672950000000000000000.000000
3.916875 2.295089 3.549640
-367349606400000000000.000000 -104363667200000000000.000000 3702458112000000000000.000000
3.930288 1.861297 4.132064
4.002301 2.063021 5.572783
3.873232 2.632279 -3.100572
4.012047 2.156285 0.996863
3.849397 2.362220 0.748768
3.999762 2.044926 1.716560
4.391442 2.609031 -10.802513
3.677320 2.005066 2.852868
3.980967 2.109782 4.504378
4.110184 2.116353 1.476366
-341921382400000000000000.000000 2265826560000000000000000.000000 -11945706240000000000000000.000000
3.962573 1.813915 3.380109
4.078015 2.013319 1.804426
4.100880 2.134027 3.989856
4.010025 1.960349 3.264504
4.024312 2.034382 0.532381
3.924856 2.326291 3.636885
3.941663 2.244249 0.846005
3.431120 0.885730 52.757556
3.887769 2.241814 0.397039
4.044754 2.196780 10.441449
4.210958 1.922043 2.668952
4.174586 2.441614 -1.455333
4.236767 2.085327 -0.500308
4.292002 3.300370 -18.827396
4.368918 2.413934 -8.934773
3.498785 2.026498 36.764274
4.280396 2.352162 -3.262934
4.235149 1.716340 0.035698
3.400135 1.190224 54.083461
4.366587 1.891236 0.817442
4.062256 2.102028 1.791172
3.711445 1.428343 32.947174
4.231853 2.169969 -2.806500
4.052606 2.088635 2.323194
3.971159 2.611404 -2.293855
4.250645 1.914462 2.268423
3.527981 1.629717 37.261875
4.014946 2.196058 7.617532
4.443569 3.078430 -21.291418
3.964731 2.132256 6.931218
4.012018 1.933264 0.731932
3.928105 1.876204 4.142711
3.874803 2.078371 2.942178
4.045267 2.009264 1.104356
4.042961 1.984163 16.275856
3.692292 2.241528 2.849570
3.813110 2.435464 1.215291
4.251245 1.724579 -0.677592
4.147704 1.969262 1.256407
3.859147 2.298007 2.859720
3.783631 1.871923 25.615539
4.151396 2.318073 -0.096160
4.169198 1.855427 -0.261314
4.202007 2.328246 -2.050442
3.954363 2.181758 11.732515
4.112317 1.785412 2.906250
4.047113 1.895495 2.908806
4.060358 1.981948 1.414146
4.111653 1.918639 2.460176
3.413136 1.409557 49.794631
4.225595 1.976374 -0.035488
4.172235 1.947619 -0.029899
4.148376 2.122142 4.731475
4.311140 1.967883 -2.904678
4.162725 2.041240 1.582644
3.796375 2.057381 3.065363
3.348504 1.374652 47.425998
4.005143 2.142347 1.207093
3.677928 1.993605 21.743503
4.031004 2.444495 -0.457207
3.154544 0.747663 72.154235
4.053749 2.066648 4.963727
4.047194 2.166373 0.943810
4.063706 2.075285 0.716189
0.556517 -5.290638 293.646545
4.046756 2.191528 4.498659
3.981146 2.080104 2.472229
3.976671 2.497176 -11.858722
4.134671 1.876888 1.267412
4.042397 2.308558 0.074881
3.776649 2.107858 3.345768
3.908071 1.971437 0.994102
3.917094 2.234299 2.378635
4.176641 2.852172 -8.757725
4.284894 2.214792 -4.220250
4.206943 1.991317 2.278549
4.077571 1.687770 2.572005
4.274879 2.343925 -6.978581
4.116120 2.006202 1.823991
3.884918 1.922061 4.019756
2.970163 0.271246 91.507858
4.184089 2.187738 -0.456919
3.818036 2.064989 6.134274
4.442110 1.968266 -4.119030
4.328612 1.828642 1.518019
3.920182 2.182354 13.647935
3.978094 2.366076 2.411814
3.901099 2.424537 -1.418026
4.233457 1.993559 1.141584
4.126967 2.327815 -1.242125
2.677293 -0.074621 110.078033
4.016518 1.984197 4.943566
3.821912 1.993158 1.728381
4.256117 2.380499 -5.624575
3.956682 2.241290 3.018202
4.225847 2.320074 0.205873
3.663757 1.788481 22.773300
4.146581 2.087126 1.205065
4.121870 2.058127 1.331725
3.896591 2.346014 6.229125
4.131583 2.000661 2.449383
3.950683 1.950935 -0.041015
4.309926 2.079550 -1.255967
3.851275 1.956430 12.689986
4.192749 2.053324 0.945784
4.009977 2.146817 2.643981
4.291299 1.835455 2.215422
4.357014 2.265440 -2.066981
4.284374 2.453284 -7.470166
-34195023360000000.000000 429496729500000000.000000 -1107249536000000000.000000
3.918703 2.325551 0.225092
4.314208 1.971385 -1.097562
3.900135 1.870358 4.999708
4.117533 1.994612 1.031441
4.152135 1.975689 2.540631
4.092868 1.944182 1.711041
4.208643 2.776008 -5.006299
2.667950 -0.337764 116.176994
4.244995 2.510825 -3.918546
0 0 0
4.157068 2.109791 0.967295
4.123432 2.644000 -4.132842
4.076121 1.852482 14.199893
4.186781 1.984722 2.655730
3.939273 2.042921 1.005142
0 0 0
4.152772 2.083793 1.242810
3.807027 2.571353 -0.326970
4.011826 2.312828 4.446389
3.945845 2.132246 0.586726
3.943920 2.057129 5.611506
4.062512 2.277426 7.846926
4.026552 1.868226 12.861248
4.159467 2.178222 0.674184
4.060533 2.198751 -0.612839
4.252143 3.445992 -19.418827
4.040802 2.586559 -7.226529
3.839891 2.111599 3.692382
4.273365 2.430552 -0.718803
3.975830 2.192679 -2.886272
4.359124 2.104839 -0.609868
4.166458 2.001017 0.744222
4.118229 2.650087 -4.967711
4.094161 2.119203 2.035944
4.224805 1.789826 3.615389
4.143975 2.159192 0.903604
4.103799 2.057492 1.835352
3.870169 2.212976 1.435250
4.476133 2.631565 -6.281469
4.127990 2.032161 2.927011
3.930149 1.961862 3.473511
4.266436 2.154683 2.923296
4.223118 1.730656 3.676191
3.590616 1.405075 43.752780
4.214683 1.863727 3.488850
3.660646 2.207032 2.671219
4.009124 2.163922 3.915968
3.606322 2.385074 5.099696
4.059371 1.756612 2.974335
4.024256 2.360585 0.828092
4.526746 2.841882 -12.673162
3.832478 2.061381 2.313631
4.025891 2.246819 -0.154396
4.030789 2.020284 1.496989
4.020953 2.489885 -1.358750
4.126520 2.044573 1.132507
3.687649 2.054704 0.758420
4.079664 2.492111 1.972604
4.021541 2.108337 3.531797
3.751181 1.213666 41.670497
4.312228 1.966915 -0.749555
4.425299 1.685951 2.023043
3.948121 2.058527 3.064052
3.963274 2.125802 -3.708056
4.093690 2.067865 1.927625
4.213256 2.547222 -4.232213
4.153263 2.231245 -1.010596
3.903736 2.121262 7.408645
4.238606 2.036951 1.553218
3.778838 2.250206 16.445211
4.543759 1.826355 2.322732
4.212581 1.854345 3.804046
4.326894 2.043076 1.169899
4.135112 1.944251 2.000912
2.901266 -0.160261 98.645896
4.002427 2.203880 3.558344
3.907539 2.057773 3.057944
4.057293 2.029867 6.801714
4.159697 2.631742 -10.101085
4.302260 1.680107 1.884996
3.908540 2.053715 4.881425
3.981324 2.246613 2.712121
-284702848000000000000.000000 -42949672950000000000.000000 2961799424000000000000.000000
3.948864 2.073286 1.048046
3.797127 2.402850 9.720864
4.075775 1.940352 2.862952
3.958451 2.394535 0.898609
4.136883 2.127289 0.777692
3.863937 2.422680 3.128227
4.279642 2.019892 -2.370675
4.029973 2.271854 -0.357281
4.255708 2.087295 6.996049
3.929276 2.201914 1.949726
3.560633 1.602420 28.611072
3.907188 2.589331 -2.030085
350364108800000000000000.000000 280155392000000000000000.000000 -16151315200000000000000000.000000
4.365637 2.077517 0.576198
4.112966 2.053997 1.827900
4.051244 2.218878 0.886678
4.209648 2.498184 -1.536510
3.994780 2.321299 7.973371
4.155682 2.272790 0.712437
4.037215 2.111917 6.522969
4.102884 2.421765 -1.266455
4.054708 2.058287 2.006680
4.149981 2.238896 -3.487036
4.072507 1.883767 1.908020
4.081555 2.232818 0.460554
4.297498 1.963882 -1.764562
4.249450 2.169430 0.803829
4.031734 2.189874 0.400563
4.012541 2.114799 2.158982
4.011723 2.269926 1.952777
4.002362 2.035818 2.887438
4.277323 2.625010 -12.374997
4.281960 1.949103 3.646488
4.175867 1.812099 4.540969
